00216.png car 1054 187 994 170 1113 204
00216.png traffic_light 325 120 316 100 335 139
00216.png car 536 195 522 187 551 203
00216.png car 581 195 570 187 591 202
00216.png car 599 191 591 183 607 200
00216.png car 558 194 550 187 567 202
00125.png car 386 217 323 188 449 246
00125.png car 698 197 644 177 752 217
00125.png truck 972 183 924 160 1020 205
00125.png traffic_light 1180 32 1156 0 1205 65
00125.png traffic_light 383 126 375 111 390 142
00125.png car 547 192 534 184 560 200
00125.png car 567 191 559 183 575 198
00125.png car 606 189 599 182 614 196
00125.png car 586 191 578 185 593 198
00125.png car 527 190 520 185 533 194
00125.png car 508 190 502 186 514 193
00117.png car 30 264 1 217 59 310
00117.png truck 1074 182 1025 157 1123 207
00117.png car 535 204 487 184 583 225
00117.png car 800 192 749 175 852 209
00117.png car 345 207 300 191 390 223
00117.png traffic_light 1084 49 1065 15 1103 84
00117.png car 661 195 636 185 686 206
00117.png car 402 207 382 196 422 218
00117.png traffic_light 399 130 392 116 406 144
00117.png car 587 191 578 184 596 198
00117.png car 607 188 599 180 614 195
00168.png car 104 244 0 176 208 312
00168.png bus 716 183 576 142 857 223
00168.png traffic_light 329 120 319 100 339 140
00168.png stop_sign 352 219 341 204 363 234
00168.png car 539 195 525 186 553 203
00168.png car 559 193 551 186 566 201
00182.png bus 532 190 384 146 681 234
00182.png traffic_light 330 120 320 100 340 140
00082.png car 770 212 726 184 814 240
00082.png truck 1201 173 1162 157 1241 189
00082.png car 900 184 871 174 929 194
00082.png car 398 199 372 188 424 210
00082.png car 593 189 580 182 605 195
00082.png car 627 189 614 183 640 195
00082.png traffic_light 793 136 788 126 799 147
00082.png car 634 188 628 183 640 193
00082.png car 618 190 611 185 625 194
00079.png car 755 205 717 178 792 231
00079.png truck 1181 171 1146 156 1217 185
00079.png car 911 181 883 172 940 190
00079.png car 401 195 382 184 419 207
00079.png car 594 186 585 180 603 193
00079.png car 624 186 617 181 631 192
00079.png car 638 185 633 180 644 190
00226.png car 1053 187 992 170 1113 204
00226.png traffic_light 324 121 314 101 334 141
00226.png stop_sign 349 220 338 205 359 235
00226.png car 536 195 521 187 552 204
00226.png car 559 194 550 186 568 201
00226.png car 599 191 591 183 607 199
00226.png car 577 194 568 188 585 200
00039.png car 741 186 730 177 752 195
00039.png car 596 190 585 184 607 195
00039.png car 722 182 717 178 727 186
00068.png car 56 244 0 207 111 281
00068.png truck 1106 170 1076 157 1136 183
00068.png car 723 195 701 177 745 213
00068.png car 926 179 900 171 952 187
00068.png car 825 181 809 174 842 188
00206.png bus 174 195 1 116 347 273
00206.png car 1076 187 1016 170 1136 203
00206.png traffic_light 327 120 317 100 338 141
00206.png car 538 195 523 187 554 203
00206.png person 1133 198 1128 178 1138 217
00206.png car 558 193 549 185 568 201
00206.png car 579 194 570 188 588 201
00206.png car 599 191 591 184 606 199
00052.png car 499 200 477 187 521 212
00052.png car 738 192 725 182 752 202
00052.png car 921 182 903 175 939 188
00052.png car 669 185 658 181 679 190
00052.png car 698 185 693 180 703 190
00114.png car 1119 308 998 245 1240 370
00114.png car 116 248 2 208 229 289
00114.png truck 1106 181 1054 158 1157 203
00114.png car 581 201 535 183 626 219
00114.png car 323 207 276 190 369 224
00114.png car 831 192 781 176 882 207
00114.png traffic_light 1047 60 1030 28 1064 92
00114.png car 642 196 622 184 663 207
00114.png traffic_light 406 132 400 118 412 146
00114.png stop_sign 421 207 416 197 427 217
00114.png car 529 190 521 186 537 194
00114.png car 511 190 503 186 519 194
00096.png car 894 248 780 187 1008 309
00096.png car 1208 173 1177 154 1239 192
00096.png car 577 198 542 185 612 212
00096.png car 790 189 755 176 825 201
00096.png car 458 199 428 187 488 211
00096.png car 273 205 246 193 299 217
00096.png car 1004 183 981 172 1028 195
00096.png traffic_light 868 110 860 92 877 128
00096.png car 615 188 606 181 624 194
00186.png bus 482 192 332 144 632 240
00186.png traffic_light 330 120 320 100 340 139
00186.png car 1224 186 1210 174 1239 199
00156.png bus 894 174 749 135 1038 212
00156.png truck 475 208 411 173 539 243
00156.png car 49 261 1 215 97 307
00156.png car 306 204 275 191 338 217
00156.png traffic_light 338 119 328 100 348 139
00156.png car 544 195 534 187 555 203
00156.png car 592 195 581 189 603 201
00156.png car 578 194 571 188 586 199
00100.png car 959 265 802 183 1115 348
00100.png truck 1200 175 1162 156 1238 194
00100.png car 513 203 473 187 553 220
00100.png car 750 191 711 179 790 204
00100.png car 267 206 234 192 300 220
00100.png car 954 182 916 173 993 191
00100.png traffic_light 899 101 889 79 910 123
00100.png traffic_light 455 142 450 131 460 153
00100.png car 578 190 571 183 586 196
00100.png car 557 191 550 185 565 198
00100.png car 593 190 586 184 600 196
00015.png car 738 185 730 181 745 190
00032.png stop_sign 133 177 124 168 142 186
00032.png car 739 185 730 179 748 191
00101.png car 982 272 811 184 1154 361
00101.png truck 1199 175 1157 156 1241 194
00101.png car 496 206 457 188 535 223
00101.png car 266 206 229 190 302 221
00101.png car 740 192 701 178 779 206
00101.png car 948 183 916 173 981 192
00101.png traffic_light 907 99 897 77 917 121
00101.png car 575 190 566 183 585 197
00101.png car 610 188 603 181 618 195
00101.png car 556 190 547 184 565 196
00101.png car 561 191 553 184 569 198
00101.png car 592 191 584 187 601 196
00101.png car 539 191 531 187 547 195
00139.png truck 1149 169 1068 130 1229 208
00139.png car 481 214 415 189 547 239
00139.png truck 778 191 730 166 826 216
00139.png car 441 197 424 188 459 206
00139.png traffic_light 363 123 355 105 370 142
00139.png car 732 186 719 176 745 197
00139.png car 594 194 579 186 609 201
00139.png car 546 193 533 185 558 201
00139.png car 566 193 558 186 574 200
00139.png car 607 190 599 183 614 198
00139.png car 585 193 576 186 593 199
00131.png car 214 239 113 196 315 281
00131.png car 614 203 558 184 669 223
00131.png truck 890 186 844 162 936 209
00131.png car 442 204 412 191 472 217
00131.png car 721 188 706 177 736 199
00131.png traffic_light 376 126 367 107 384 144
00131.png car 546 192 533 185 559 200
00131.png car 526 190 519 185 533 194
00146.png bus 1079 170 920 129 1237 211
00146.png car 326 228 230 198 421 258
00146.png truck 667 196 616 168 717 223
00146.png car 413 200 390 187 436 214
00146.png traffic_light 350 121 343 102 358 140
00146.png car 544 194 529 185 560 202
00146.png car 734 185 725 177 743 193
00146.png car 603 191 595 183 612 199
00146.png car 583 194 574 187 592 200
00146.png car 565 193 557 185 573 200
00140.png truck 1140 170 1042 131 1239 208
00140.png car 461 215 392 188 529 241
00140.png truck 763 193 715 169 810 217
00140.png traffic_light 362 124 353 106 370 142
00140.png car 543 195 532 187 554 202
00140.png car 589 194 577 187 600 201
00140.png car 566 193 557 186 575 200
00140.png car 606 191 599 183 613 199
00069.png car 19 260 0 225 38 295
00069.png car 725 195 701 177 749 212
00069.png truck 1113 169 1085 156 1140 182
00069.png car 927 177 901 168 952 185
00069.png car 818 179 796 172 840 187
00069.png car 634 183 629 179 638 187
00054.png car 473 200 448 187 498 213
00054.png car 736 191 722 179 750 203
00054.png car 924 182 906 175 941 189
00054.png car 658 185 651 180 665 190
00054.png car 670 185 665 180 674 190
00051.png car 509 202 486 188 532 216
00051.png car 739 192 726 182 753 202
00051.png car 679 186 673 181 684 190
00051.png car 692 186 688 183 697 189
00148.png bus 1037 171 884 131 1190 211
00148.png car 257 232 157 197 357 267
00148.png truck 634 198 582 170 685 225
00148.png car 397 203 375 189 419 216
00148.png traffic_light 346 121 339 103 354 140
00148.png stop_sign 368 216 358 202 378 229
00148.png car 541 195 528 187 555 203
00148.png car 735 185 724 176 746 193
00148.png car 581 194 573 187 590 201
00148.png car 564 193 556 186 571 200
00109.png car 1076 285 917 204 1235 366
00109.png car 317 222 253 197 382 247
00109.png truck 1149 179 1100 159 1197 199
00109.png car 878 189 830 173 926 205
00109.png car 275 206 246 191 303 221
00109.png car 585 196 558 182 612 210
00109.png traffic_light 989 76 975 49 1003 102
00109.png traffic_light 422 134 415 122 429 147
00199.png bus 228 205 0 130 457 281
00199.png car 1116 187 1051 170 1180 204
00199.png traffic_light 328 120 318 101 338 140
00199.png car 538 195 522 186 554 203
00199.png car 584 194 571 188 598 201
00199.png car 561 193 552 186 569 200
00199.png car 578 194 569 188 586 200
00095.png car 874 243 769 184 978 303
00095.png car 1210 173 1179 155 1240 192
00095.png car 800 188 765 176 834 200
00095.png car 1003 182 972 170 1034 194
00095.png car 448 198 420 185 476 212
00095.png car 271 206 245 194 298 217
00095.png car 259 204 243 193 275 216
00095.png car 286 206 272 195 300 216
00095.png traffic_light 862 111 854 95 871 128
00107.png car 1063 279 885 188 1241 370
00107.png car 373 214 321 192 425 236
00107.png car 893 188 848 173 937 203
00107.png car 281 206 242 190 320 222
00107.png car 672 195 633 180 711 210
00107.png car 566 197 537 183 596 210
00107.png traffic_light 967 82 954 55 980 108
00107.png car 601 188 590 181 613 196
00107.png car 530 189 524 185 537 194
00008.png car 57 224 0 200 115 248
00005.png car 43 227 1 199 85 255
00005.png car 148 223 95 201 201 245
00133.png car 130 250 1 198 259 303
00133.png car 584 205 527 184 641 226
00133.png truck 863 187 815 164 911 210
00133.png car 445 202 416 186 474 217
00133.png car 1217 181 1207 162 1228 199
00133.png car 724 188 710 178 739 198
00133.png traffic_light 372 124 364 106 380 143
00000.png car 58 226 0 200 115 253
00000.png car 167 213 113 190 222 236
00000.png car 255 212 224 196 285 228
00157.png bus 875 176 724 137 1027 215
00157.png truck 451 210 384 173 518 246
00157.png car 19 278 0 244 38 312
00157.png car 297 205 267 191 326 218
00157.png traffic_light 337 121 327 101 348 140
00157.png car 538 195 526 187 551 202
00157.png car 588 194 575 187 601 201
00157.png car 559 194 550 186 567 201
00157.png car 603 191 595 183 610 198
00157.png car 579 193 572 187 587 200
00028.png car 735 187 726 181 744 193
00028.png stop_sign 206 180 199 172 213 187
00195.png bus 318 199 122 136 515 262
00195.png car 1153 186 1089 169 1217 203
00195.png traffic_light 329 120 318 100 339 140
00195.png car 594 193 580 184 608 201
00195.png car 538 195 524 187 551 203
00195.png car 561 194 552 187 570 201
00195.png car 577 194 569 188 585 200
00195.png car 520 193 514 188 526 197
00072.png car 731 200 704 181 757 218
00072.png truck 1128 171 1099 158 1156 184
00072.png car 931 180 909 171 954 189
00072.png car 813 183 798 175 827 191
00072.png car 604 187 594 181 613 192
00072.png car 645 185 639 180 651 191
00072.png car 631 187 624 182 638 191
00036.png stop_sign 32 174 21 164 44 183
00036.png car 743 185 732 178 753 193
00036.png car 609 188 598 182 620 194
00225.png car 1052 188 992 171 1112 204
00225.png traffic_light 324 121 314 101 334 140
00225.png stop_sign 348 220 337 205 359 235
00225.png car 535 195 521 188 550 203
00225.png car 578 195 569 188 587 201
00225.png car 600 192 592 185 607 200
00001.png car 142 219 78 192 205 245
00001.png car 41 230 1 203 82 257
00001.png car 240 215 201 197 278 233
00163.png bus 782 180 638 141 926 219
00163.png car 281 220 188 175 374 266
00163.png traffic_light 330 120 320 101 339 139
00163.png car 539 194 525 185 553 203
00163.png car 585 194 571 186 599 201
00163.png car 560 194 550 186 570 201
00163.png car 602 191 595 184 610 199
00213.png bus 83 196 2 115 164 277
00213.png car 1058 188 999 171 1118 205
00213.png traffic_light 326 121 316 101 335 141
00213.png stop_sign 351 219 341 205 361 233
00213.png car 537 195 522 187 551 204
00213.png car 595 192 581 184 608 201
00213.png car 578 195 569 188 588 202
00046.png car 548 196 527 187 569 205
00046.png car 741 192 729 184 752 200
00046.png car 690 187 686 183 695 190
00224.png car 1053 188 992 171 1114 204
00224.png traffic_light 324 121 314 101 334 141
00224.png stop_sign 350 219 341 205 359 234
00224.png car 536 195 520 187 551 203
00224.png car 598 192 588 183 607 200
00224.png car 559 194 550 187 568 201
00224.png car 577 195 569 189 585 201
00229.png car 1052 188 992 171 1113 205
00229.png traffic_light 324 121 314 102 334 140
00229.png car 536 196 521 188 551 203
00229.png car 597 192 586 184 607 200
00229.png car 577 194 568 187 587 201
00229.png car 558 194 550 187 567 201
00120.png car 486 208 433 186 540 230
00120.png truck 1038 181 989 159 1088 204
00120.png car 768 194 719 177 817 210
00120.png traffic_light 1121 40 1101 1 1142 78
00120.png car 375 205 333 188 417 222
00120.png car 681 190 658 177 704 204
00120.png traffic_light 392 128 385 114 399 142
00120.png car 568 190 560 183 576 197
00120.png car 607 188 600 181 614 195
00120.png car 586 190 578 184 594 196
00217.png car 1054 187 993 170 1115 205
00217.png traffic_light 325 120 315 101 334 140
00217.png car 588 193 571 184 605 202
00217.png stop_sign 351 219 341 205 360 234
00217.png car 536 195 521 187 551 203
00217.png car 597 191 587 183 608 200
00217.png car 579 194 569 188 589 201
00219.png car 1054 187 994 170 1115 204
00219.png traffic_light 324 121 315 102 334 140
00219.png stop_sign 349 219 339 205 359 234
00219.png car 537 195 521 187 552 203
00219.png car 586 193 571 185 602 202
00219.png car 578 195 568 188 587 201
00219.png car 559 195 550 188 568 202
00219.png car 599 192 592 184 607 199
00116.png car 1142 332 1043 291 1241 374
00116.png car 65 260 2 218 128 301
00116.png truck 1089 180 1043 157 1135 202
00116.png car 550 203 503 184 597 223
00116.png car 812 192 760 175 863 209
00116.png car 338 207 293 190 383 224
00116.png traffic_light 1072 52 1054 18 1090 86
00116.png car 657 196 636 185 678 207
00116.png traffic_light 401 131 395 118 407 145
00116.png car 606 189 598 182 613 197
00093.png car 851 237 760 185 942 288
00093.png car 1004 182 960 169 1048 194
00093.png car 1212 173 1184 155 1240 191
00093.png car 440 200 407 188 472 211
00093.png car 275 204 249 191 301 217
00093.png traffic_light 849 116 841 100 858 132
00093.png person 491 205 485 188 496 223
00093.png car 571 190 561 183 582 196
00093.png car 552 189 544 186 559 192
00037.png car 605 188 593 183 617 194
00037.png car 743 186 734 179 753 193
00009.png car 40 225 1 201 79 249
00108.png car 1070 283 899 197 1241 368
00108.png car 346 218 288 196 404 241
00108.png car 884 188 837 172 932 203
00108.png car 1139 178 1106 158 1172 198
00108.png car 661 196 621 180 700 212
00108.png car 279 206 244 192 313 221
00108.png traffic_light 979 78 966 51 993 104
00108.png car 580 197 552 185 607 209
00108.png traffic_light 425 135 419 121 432 148
00108.png car 551 191 543 183 560 199
00108.png car 606 188 598 181 615 195
00077.png car 787 183 769 174 804 191
00077.png person 946 177 941 169 950 185
00077.png car 639 185 633 179 645 190
00077.png car 624 186 618 181 630 191
00083.png car 776 213 732 181 821 245
00083.png truck 1202 174 1165 158 1239 189
00083.png car 890 185 859 174 921 196
00083.png car 400 200 374 188 427 211
00083.png car 720 190 695 181 745 199
00083.png car 627 188 613 181 640 195
00083.png traffic_light 798 136 792 124 804 147
00083.png person 528 201 524 187 532 215
00083.png car 619 189 612 183 626 194
00201.png bus 212 206 0 118 425 294
00201.png car 1098 186 1037 169 1159 203
00201.png traffic_light 328 120 318 101 339 140
00201.png car 589 193 572 185 605 201
00201.png car 537 195 522 186 553 203
00201.png car 600 191 591 183 609 199
00201.png car 560 194 551 187 569 201
00201.png car 578 194 570 188 586 200
00207.png bus 159 197 5 117 312 277
00207.png car 1073 187 1014 170 1132 204
00207.png traffic_light 326 120 317 101 335 140
00207.png car 538 195 522 186 554 204
00207.png car 585 194 571 186 600 202
00207.png car 559 194 549 186 568 201
00207.png car 578 195 569 188 586 201
00192.png bus 378 195 189 140 567 251
00192.png car 1184 184 1129 166 1240 203
00192.png traffic_light 329 120 319 100 339 140
00192.png stop_sign 352 220 341 206 362 235
00192.png car 594 193 580 185 608 201
00192.png car 578 194 570 187 586 200
00192.png car 563 194 557 188 569 201
00150.png bus 996 172 844 132 1147 212
00150.png car 199 241 79 200 319 281
00150.png truck 597 200 546 172 649 229
00150.png car 381 202 360 189 403 216
00150.png traffic_light 345 121 336 102 354 141
00150.png car 541 194 527 186 555 203
00150.png car 735 184 726 176 745 192
00174.png bus 637 186 497 146 777 226
00174.png traffic_light 330 120 320 100 340 140
00048.png car 538 197 522 188 554 207
00048.png car 741 192 729 182 753 201
00048.png car 708 186 702 182 714 190
00048.png car 687 187 683 183 692 191
00048.png car 700 187 696 183 705 190
00075.png car 739 205 711 183 768 226
00075.png truck 1153 171 1119 157 1187 185
00075.png car 932 182 913 172 951 191
00075.png car 787 186 774 179 801 193
00075.png person 551 200 548 190 554 209
00075.png car 796 185 791 179 801 190
00088.png car 806 221 743 183 869 259
00088.png truck 1027 180 980 167 1073 192
00088.png car 1026 181 981 168 1072 193
00088.png car 1216 172 1192 156 1240 188
00088.png car 413 200 382 188 445 212
00088.png car 674 192 644 181 704 204
00088.png car 289 203 265 192 314 215
00088.png traffic_light 822 127 815 112 828 141
00088.png car 619 188 609 181 630 195
00088.png car 576 190 569 185 584 195
00088.png car 628 187 623 181 634 193
00088.png car 610 189 604 184 616 194
00187.png bus 465 195 307 145 624 244
00187.png car 1217 186 1194 172 1240 200
00187.png traffic_light 330 120 320 101 340 140
00099.png car 938 259 797 182 1078 336
00099.png truck 1203 174 1166 154 1240 194
00099.png car 529 203 491 188 567 217
00099.png car 761 190 724 177 799 203
00099.png car 270 206 238 191 301 220
00099.png car 483 198 462 186 505 210
00099.png traffic_light 890 103 881 83 899 123
00099.png car 610 188 600 182 619 195
00099.png car 578 189 570 182 586 195
00099.png car 594 189 587 184 601 195
00070.png car 726 196 702 177 750 214
00070.png truck 1133 167 1116 154 1150 180
00070.png car 925 178 901 170 950 186
00070.png car 811 180 790 173 832 188
00188.png bus 451 198 285 144 617 252
00188.png car 1208 185 1176 169 1241 201
00188.png traffic_light 329 120 319 100 340 141
00188.png person 1132 210 1128 198 1135 222
00110.png car 1085 287 930 205 1240 369
00110.png car 289 224 219 194 360 255
00110.png truck 1143 178 1091 156 1195 200
00110.png car 869 189 820 174 919 205
00110.png car 633 198 593 182 674 215
00110.png traffic_light 1000 73 985 45 1015 101
00110.png car 589 197 566 184 612 209
00110.png car 550 191 537 184 563 198
00110.png car 511 190 503 186 519 194
00110.png car 530 189 523 186 536 193
00102.png car 1008 276 819 185 1197 367
00102.png truck 1194 176 1148 154 1240 197
00102.png car 478 206 436 186 520 225
00102.png car 268 206 231 191 305 222
00102.png car 729 193 691 179 767 207
00102.png car 939 185 899 174 978 197
00102.png car 530 198 508 186 551 211
00102.png traffic_light 917 96 906 74 927 118
00102.png car 556 190 545 184 566 196
00102.png car 609 188 600 181 617 196
00102.png car 592 191 584 184 601 197
00102.png car 575 190 566 183 583 196
00092.png car 839 231 758 182 920 281
00092.png car 1009 181 966 168 1051 194
00092.png car 1212 172 1185 155 1240 189
00092.png car 627 195 594 182 660 208
00092.png car 433 199 402 187 465 211
00092.png car 277 204 251 193 304 216
00092.png traffic_light 845 117 835 103 854 131
00092.png car 573 189 562 182 585 196
00092.png car 589 188 582 182 596 194
00202.png bus 202 207 0 120 405 294
00202.png car 1093 187 1034 171 1152 203
00202.png traffic_light 328 120 318 100 339 141
00202.png stop_sign 351 219 340 205 362 233
00202.png car 589 193 572 184 606 201
00202.png car 537 194 522 186 552 203
00202.png car 597 191 587 183 608 200
00202.png car 559 193 551 186 568 201
00202.png car 578 194 569 187 586 201
00145.png bus 1088 170 938 130 1239 210
00145.png car 355 225 267 194 442 255
00145.png truck 682 196 632 170 733 222
00145.png traffic_light 352 122 344 104 360 141
00145.png car 543 194 530 185 556 202
00145.png person 688 185 680 176 697 194
00145.png car 592 195 581 188 604 201
00145.png car 564 192 556 185 572 200
00145.png car 605 192 597 185 614 199
00145.png car 584 194 574 188 593 200
00145.png person 742 187 740 179 744 194
00231.png car 1052 188 992 171 1112 204
00231.png traffic_light 323 121 313 101 333 141
00231.png car 536 196 521 188 551 204
00231.png car 579 194 569 188 589 201
00231.png car 599 193 591 187 607 200
00014.png car 739 186 731 181 746 191
00059.png car 389 209 353 191 425 226
00059.png car 728 195 712 182 744 208
00059.png car 924 183 906 176 941 190
00059.png car 856 185 837 179 875 191
00059.png car 672 188 664 184 680 192
00059.png car 638 188 631 183 646 192
00059.png car 649 187 644 182 655 192
00059.png car 664 188 659 183 669 192
00049.png car 529 198 511 188 547 208
00049.png car 740 192 728 183 752 201
00115.png car 1129 319 1018 270 1241 368
00115.png car 92 257 0 209 183 306
00115.png truck 1098 181 1051 158 1145 205
00115.png car 566 203 521 184 611 222
00115.png car 822 192 772 176 872 208
00115.png car 331 207 285 189 376 224
00115.png traffic_light 1059 56 1041 23 1077 89
00115.png car 651 195 631 184 671 207
00115.png traffic_light 404 132 397 118 410 147
00175.png bus 627 185 487 145 768 226
00175.png traffic_light 330 120 321 100 340 140
00158.png bus 865 175 721 137 1008 213
00158.png truck 423 211 354 174 491 248
00158.png car 286 205 255 192 318 219
00158.png traffic_light 335 121 326 102 345 141
00158.png car 547 194 527 186 567 202
00158.png car 589 194 574 187 604 201
00158.png car 580 193 571 187 589 200
00158.png car 602 192 595 185 610 199
00144.png bus 1103 170 967 132 1239 207
00144.png car 380 221 300 192 460 250
00144.png truck 700 195 652 169 748 222
00144.png traffic_light 354 123 345 104 362 141
00144.png stop_sign 374 216 365 202 384 230
00144.png car 543 194 531 186 556 202
00144.png car 588 194 576 187 600 202
00144.png car 606 191 598 183 613 198
00144.png car 564 193 556 186 572 200
00144.png car 581 194 573 189 590 199
00025.png stop_sign 249 181 243 174 255 187
00066.png car 129 237 38 202 221 271
00066.png truck 1096 173 1067 161 1124 186
00066.png car 722 197 701 181 743 213
00066.png car 924 182 900 175 949 190
00066.png car 648 187 640 183 656 192
00066.png car 623 188 616 183 631 192
00142.png bus 1123 170 1005 131 1241 208
00142.png truck 1123 171 1005 135 1241 207
00142.png car 430 217 361 188 498 246
00142.png truck 731 194 682 167 779 220
00142.png traffic_light 358 123 349 104 368 142
00142.png car 543 194 530 186 556 202
00142.png car 586 194 576 188 596 201
00142.png car 566 193 557 186 574 200
00142.png car 606 192 598 185 613 199
00190.png bus 415 191 242 141 587 241
00190.png car 1191 183 1144 165 1239 201
00190.png traffic_light 329 120 319 100 338 140
00190.png car 600 192 592 184 609 200
00118.png truck 1061 181 1013 159 1109 203
00118.png car 520 206 471 185 569 226
00118.png car 789 193 739 177 839 209
00118.png traffic_light 1096 46 1076 9 1116 83
00118.png car 356 206 313 189 400 223
00118.png car 666 192 640 178 691 206
00118.png traffic_light 396 129 389 115 404 144
00118.png car 568 190 560 184 576 197
00118.png car 608 188 601 181 615 196
00118.png car 586 192 578 186 593 198
00208.png bus 144 199 1 116 288 282
00208.png car 1069 187 1010 170 1128 204
00208.png traffic_light 326 120 317 100 336 140
00208.png stop_sign 351 219 340 205 362 234
00208.png car 538 195 522 186 554 204
00208.png car 579 194 570 188 589 201
00208.png car 559 194 551 186 567 201
00129.png car 284 230 203 194 364 265
00129.png truck 918 184 873 160 963 207
00129.png traffic_light 1219 27 1198 0 1240 54
00129.png car 436 202 402 186 469 217
00129.png car 717 188 701 178 734 199
00129.png traffic_light 377 125 369 108 385 142
00129.png car 548 192 536 184 560 199
00129.png car 568 191 560 184 576 198
00129.png car 585 191 577 185 593 197
00129.png car 528 190 521 185 535 194
00041.png car 585 190 572 183 599 197
00041.png car 741 187 730 179 752 194
00041.png car 690 183 684 179 696 187
00165.png bus 751 181 606 142 896 220
00165.png car 205 228 99 176 310 280
00165.png traffic_light 330 120 320 100 340 140
00165.png car 539 195 524 186 554 203
00165.png car 588 193 573 185 603 202
00165.png car 599 192 590 184 608 200
00165.png car 560 193 551 186 570 201
00165.png car 579 194 570 187 587 201
00053.png car 488 201 464 188 512 215
00053.png car 737 192 723 181 751 203
00053.png car 921 182 902 176 940 188
00227.png car 1052 188 992 171 1112 205
00227.png traffic_light 323 121 313 102 333 141
00227.png stop_sign 349 220 339 205 359 235
00227.png car 536 195 521 187 551 203
00227.png car 559 194 550 186 568 202
00227.png car 577 194 568 188 586 200
00128.png car 314 227 238 193 390 260
00128.png truck 933 184 889 161 977 207
00128.png car 655 200 601 181 710 218
00128.png traffic_light 1213 28 1185 0 1240 56
00128.png car 430 202 395 185 466 220
00128.png traffic_light 379 126 371 110 388 142
00128.png person 723 188 715 176 731 200
00128.png car 546 191 534 183 558 199
00128.png car 606 188 599 181 614 196
00128.png car 586 191 577 185 594 198
00128.png car 568 191 560 184 576 198
00128.png car 528 190 521 186 534 194
00128.png car 508 189 502 185 515 193
00221.png car 1054 188 993 170 1115 205
00221.png traffic_light 324 121 315 102 334 140
00221.png stop_sign 349 219 338 205 360 234
00221.png car 591 193 575 184 607 201
00221.png car 536 195 521 187 551 203
00221.png car 599 192 590 184 608 200
00221.png car 578 194 570 188 587 201
00002.png car 115 221 50 194 181 247
00002.png car 219 217 175 199 263 234
00002.png car 21 231 0 206 43 257
00135.png car 84 267 0 206 169 329
00135.png truck 1198 165 1155 128 1241 202
00135.png car 552 208 491 186 612 230
00135.png truck 836 188 790 164 883 211
00135.png car 26 225 0 210 52 241
00135.png car 444 201 421 185 467 217
00135.png car 727 188 714 178 741 197
00135.png car 606 189 596 181 615 196
00024.png stop_sign 260 180 254 173 266 187
00111.png car 1092 289 948 207 1235 372
00111.png car 254 229 177 198 330 261
00111.png truck 1138 179 1087 157 1189 201
00111.png car 860 190 811 174 910 205
00111.png car 623 199 585 182 661 215
00111.png car 309 205 272 191 346 220
00111.png traffic_light 1011 69 997 40 1026 99
00111.png car 595 202 579 191 610 212
00111.png traffic_light 417 133 410 120 424 146
00111.png car 551 191 539 184 562 199
00111.png car 569 190 561 182 577 197
00111.png car 531 190 525 186 537 193
00044.png car 740 188 729 180 750 196
00044.png car 565 193 555 188 576 198
00073.png car 733 202 707 183 760 221
00073.png truck 1138 171 1105 158 1171 185
00073.png car 797 184 772 176 822 192
00073.png car 930 181 909 172 952 190
00073.png car 812 184 803 177 822 191
00073.png car 906 184 897 178 914 190
00073.png car 640 188 632 183 649 193
00080.png car 758 209 719 181 798 236
00080.png truck 1189 173 1150 157 1228 188
00080.png car 907 183 877 172 938 194
00080.png car 398 198 374 186 423 210
00080.png car 622 188 616 183 629 193
00080.png car 606 188 600 183 612 193
00091.png car 831 228 756 183 906 274
00091.png car 1014 181 969 168 1059 194
00091.png car 1211 172 1183 155 1239 189
00091.png truck 640 194 608 182 673 206
00091.png car 427 200 395 188 459 212
00091.png car 271 203 255 193 287 213
00091.png traffic_light 838 120 830 105 846 135
00091.png car 605 189 598 184 612 193
00205.png bus 185 197 1 117 369 276
00205.png car 1080 187 1020 170 1139 205
00205.png traffic_light 328 121 317 100 339 142
00205.png car 537 195 522 186 553 204
00205.png car 598 191 588 183 607 199
00205.png car 560 194 551 186 569 201
00205.png car 578 195 569 188 586 201
00132.png car 176 246 60 199 291 293
00132.png car 600 204 544 183 657 225
00132.png truck 877 186 830 163 924 210
00132.png car 443 202 413 187 473 217
00132.png car 722 188 707 178 737 198
00132.png traffic_light 374 126 366 108 382 144
00132.png car 550 192 534 184 566 200
00132.png car 527 191 520 186 534 196
00132.png car 508 190 500 186 516 194
00078.png car 752 201 717 176 787 226
00078.png truck 1178 168 1141 154 1214 182
00078.png car 913 180 888 172 937 188
00078.png car 601 184 587 178 615 191
00078.png car 623 185 617 181 629 190
00154.png bus 928 173 783 135 1072 212
00154.png car 95 257 4 209 187 306
00154.png car 517 206 457 174 577 237
00154.png car 320 204 299 190 341 218
00154.png traffic_light 340 120 331 101 349 139
00154.png car 589 194 579 187 600 201
00154.png car 738 184 729 177 747 192
00154.png car 579 193 572 188 587 199
00223.png car 1054 189 993 172 1115 205
00223.png traffic_light 324 121 314 101 334 141
00223.png stop_sign 351 220 342 205 360 234
00223.png car 536 195 520 188 552 203
00223.png car 598 192 590 183 606 200
00223.png car 578 194 569 188 586 201
00149.png bus 1019 171 866 131 1172 211
00149.png car 238 235 124 197 353 273
00149.png truck 615 199 565 171 665 227
00149.png car 386 202 362 189 410 216
00149.png traffic_light 346 122 337 103 354 141
00149.png car 541 195 528 187 555 202
00149.png car 736 185 726 177 746 193
00027.png car 732 190 723 184 741 196
00027.png stop_sign 220 183 214 176 227 189
00003.png car 75 225 6 197 144 253
00003.png car 200 219 154 199 245 238
00126.png car 364 220 294 190 433 250
00126.png truck 958 183 911 161 1006 205
00126.png truck 685 199 632 179 738 218
00126.png traffic_light 1192 31 1167 0 1216 62
00126.png car 439 202 420 187 458 217
00126.png traffic_light 381 126 374 111 389 142
00126.png car 546 192 533 185 559 199
00126.png car 586 191 577 184 594 198
00126.png car 607 189 599 181 614 196
00126.png car 567 190 559 183 574 198
00126.png car 508 190 501 186 515 194
00126.png car 527 190 520 185 534 194
00065.png car 185 229 107 198 262 260
00065.png truck 1091 174 1063 161 1120 187
00065.png car 722 196 702 180 742 212
00065.png car 921 181 897 173 946 190
00065.png car 644 186 637 182 651 191
00065.png car 656 186 652 182 660 190
00029.png stop_sign 189 178 182 171 196 185
00029.png car 736 184 727 178 744 190
00081.png car 761 210 719 183 803 238
00081.png truck 1195 173 1155 157 1235 188
00081.png car 903 184 873 173 933 196
00081.png car 595 188 583 182 607 195
00081.png traffic_light 789 137 784 127 794 148
00081.png car 628 189 621 184 635 194
00081.png car 605 188 599 183 611 193
00006.png car 115 223 58 200 171 246
00006.png car 22 227 1 197 44 256
00173.png bus 652 185 511 144 792 226
00173.png traffic_light 330 120 320 101 339 140
00097.png car 909 253 789 187 1030 318
00097.png car 1205 173 1173 154 1238 192
00097.png car 561 199 526 185 596 213
00097.png car 781 189 745 176 817 202
00097.png car 980 185 940 174 1020 195
00097.png car 272 206 244 192 301 219
00097.png car 458 200 437 187 479 212
00097.png car 956 184 937 174 976 194
00097.png traffic_light 876 108 867 89 885 128
00097.png car 1009 183 998 174 1020 193
00097.png car 614 188 605 182 622 195
00097.png car 599 189 592 183 606 195
00177.png bus 604 186 458 146 751 226
00177.png traffic_light 331 120 322 101 340 139
00172.png bus 666 184 525 144 807 224
00172.png traffic_light 331 120 321 100 340 140
00172.png stop_sign 353 220 342 205 364 234
00210.png bus 122 206 2 119 243 292
00210.png car 1061 187 1002 169 1119 204
00210.png traffic_light 325 121 316 101 335 141
00210.png car 537 195 522 186 552 204
00210.png car 582 194 570 187 594 202
00210.png car 559 193 549 185 568 202
00047.png car 543 197 523 186 564 208
00047.png car 740 193 729 185 752 202
00159.png bus 845 177 701 138 988 216
00159.png truck 405 213 337 174 473 253
00159.png car 277 205 244 191 310 219
00159.png traffic_light 335 120 325 101 345 140
00159.png car 540 194 526 186 554 202
00159.png car 590 195 579 189 600 201
00159.png car 603 192 595 185 611 200
00159.png car 579 193 571 187 587 200
00138.png truck 1164 168 1088 131 1241 204
00138.png car 497 212 432 187 562 237
00138.png truck 792 191 745 167 838 216
00138.png car 442 202 423 188 461 216
00138.png car 737 187 719 177 754 197
00138.png traffic_light 365 123 357 105 372 141
00138.png car 594 194 585 188 603 201
00138.png car 606 192 599 184 613 199
00138.png car 567 194 559 187 575 200
00138.png car 584 195 577 190 591 200
00067.png car 88 245 0 204 175 285
00067.png truck 1100 172 1071 160 1129 185
00067.png car 723 197 702 182 745 213
00067.png car 926 180 902 172 951 189
00067.png car 613 187 606 182 620 191
00067.png car 650 185 645 181 655 190
00167.png car 120 236 0 175 241 297
00167.png truck 728 182 579 144 876 220
00167.png traffic_light 329 120 320 101 339 140
00167.png stop_sign 351 219 340 205 363 234
00167.png car 538 195 525 187 551 203
00167.png car 579 194 570 187 587 201
00167.png car 560 194 553 187 567 201
00103.png car 1031 280 830 188 1232 371
00103.png car 459 208 416 190 503 226
00103.png car 927 188 882 175 972 201
00103.png car 270 206 233 191 306 222
00103.png car 718 194 680 179 756 208
00103.png car 531 197 499 184 562 210
00103.png traffic_light 926 92 915 68 937 116
00103.png car 609 189 600 182 617 195
00103.png car 575 190 567 183 582 196
00103.png car 589 191 582 185 596 197
00040.png car 590 190 578 184 603 197
00040.png car 742 186 732 179 752 194
00184.png bus 506 192 353 146 659 238
00184.png traffic_light 331 120 321 100 341 140
00160.png bus 826 178 680 139 971 217
00160.png truck 374 218 300 174 447 261
00160.png car 372 217 298 176 446 258
00160.png car 264 207 235 195 293 219
00160.png traffic_light 333 120 324 101 342 140
00160.png car 590 194 574 186 606 201
00160.png car 540 194 525 186 554 202
00160.png car 560 194 549 186 570 201
00160.png car 579 193 571 187 588 200
00218.png car 1053 188 993 171 1113 205
00218.png traffic_light 324 121 315 102 334 140
00218.png car 537 196 521 188 552 203
00218.png car 578 195 569 188 587 201
00147.png bus 1061 170 900 129 1221 211
00147.png car 285 228 201 194 370 263
00147.png truck 651 196 600 169 701 224
00147.png car 403 202 378 188 428 216
00147.png traffic_light 349 122 340 104 357 141
00147.png car 542 194 529 187 555 202
00147.png car 734 185 724 176 745 193
00147.png car 603 191 594 183 612 198
00147.png car 582 194 573 187 590 201
00147.png car 565 193 557 186 573 200
00085.png car 788 217 736 182 840 251
00085.png truck 1207 173 1173 157 1240 189
00085.png car 1035 182 997 171 1073 193
00085.png car 877 185 844 173 910 196
00085.png car 403 201 375 189 431 212
00085.png car 704 190 677 180 731 201
00085.png traffic_light 806 131 801 120 812 143
00085.png car 631 188 624 182 638 194
00085.png car 614 189 607 184 621 194
00106.png car 1054 281 870 193 1239 369
00106.png car 394 214 346 194 442 235
00106.png car 900 187 853 173 948 202
00106.png car 682 194 641 179 723 210
00106.png car 277 206 240 190 314 222
00106.png car 554 197 526 183 582 210
00106.png traffic_light 956 85 943 59 968 110
00106.png car 607 188 600 181 615 196
00106.png car 589 190 581 184 596 196
00106.png car 514 189 507 185 520 193
00191.png bus 395 192 214 139 577 246
00191.png car 1186 184 1133 166 1239 202
00191.png traffic_light 329 120 319 101 338 139
00191.png car 587 195 575 188 599 202
00191.png car 578 195 571 189 584 201
00112.png car 1099 288 965 212 1232 364
00112.png car 216 235 130 203 302 266
00112.png truck 1127 180 1076 157 1179 202
00112.png car 852 190 804 175 900 206
00112.png car 608 200 566 183 651 217
00112.png car 308 206 265 190 352 222
00112.png traffic_light 1023 66 1008 37 1038 95
00112.png traffic_light 414 133 406 119 422 147
00112.png car 548 191 537 184 559 198
00112.png car 511 189 503 185 519 194
00035.png stop_sign 61 176 51 166 71 185
00035.png car 743 186 734 180 752 193
00055.png car 460 204 431 188 488 219
00055.png car 735 191 720 180 749 203
00055.png car 923 181 904 175 942 188
00055.png car 681 185 674 181 687 190
00055.png car 665 186 660 181 670 190
00143.png bus 1113 170 986 131 1241 208
00143.png car 403 222 326 192 480 252
00143.png truck 714 193 666 168 763 219
00143.png traffic_light 356 124 347 106 365 142
00143.png car 544 195 530 187 557 203
00143.png car 591 195 580 188 602 201
00143.png car 565 193 556 186 574 200
00143.png car 584 193 575 187 593 200
00143.png car 606 192 598 185 613 199
00161.png bus 812 178 672 140 953 216
00161.png car 341 219 264 175 418 263
00161.png car 253 206 222 193 284 220
00161.png traffic_light 332 120 323 101 341 139
00161.png car 538 194 525 186 552 203
00161.png car 587 194 573 187 602 202
00161.png car 601 192 592 185 611 200
00161.png car 560 194 551 187 570 201
00161.png car 580 194 571 187 589 200
00198.png bus 244 204 19 129 469 279
00198.png car 1126 186 1065 168 1187 203
00198.png traffic_light 328 120 318 101 339 140
00198.png stop_sign 351 220 340 205 362 234
00198.png car 589 193 572 184 606 201
00198.png car 537 195 522 186 553 203
00198.png car 598 191 588 183 609 200
00198.png car 561 194 552 187 569 201
00198.png car 579 195 569 188 588 201
00209.png bus 136 201 0 119 273 283
00209.png car 1064 187 1003 169 1124 204
00209.png traffic_light 326 121 316 101 336 141
00209.png stop_sign 351 219 341 205 361 234
00209.png car 588 193 572 185 605 202
00209.png car 538 195 523 187 553 204
00209.png car 559 193 551 185 568 201
00209.png car 578 195 569 188 586 202
00203.png bus 196 203 0 117 393 289
00203.png car 1089 187 1030 170 1149 205
00203.png traffic_light 329 121 318 100 339 141
00203.png stop_sign 351 219 341 206 361 233
00203.png car 537 195 522 186 552 203
00203.png car 595 192 583 184 607 200
00203.png car 561 194 551 187 570 202
00203.png car 578 195 570 188 586 201
00194.png bus 338 199 144 138 533 259
00194.png car 1166 185 1102 169 1230 201
00194.png traffic_light 328 120 318 100 339 139
00194.png stop_sign 353 220 343 206 363 234
00194.png car 595 192 581 184 608 201
00194.png car 541 195 530 187 552 203
00194.png car 560 194 551 187 568 201
00194.png car 579 194 570 188 587 201
00180.png bus 562 188 418 145 705 230
00180.png traffic_light 331 120 321 101 340 139
00228.png car 1052 187 992 170 1112 204
00228.png traffic_light 324 120 314 101 334 140
00228.png car 536 195 521 188 551 203
00228.png car 578 195 569 189 588 201
00017.png car 734 186 725 181 743 191
00170.png bus 692 184 551 144 832 223
00170.png car 53 243 1 175 104 311
00170.png traffic_light 330 121 320 101 340 141
00170.png car 536 195 524 187 547 203
00197.png bus 267 202 52 132 482 272
00197.png car 1129 186 1063 168 1195 204
00197.png traffic_light 328 120 318 101 339 140
00197.png stop_sign 353 221 343 206 362 236
00197.png car 537 195 521 186 553 203
00197.png car 594 193 580 184 608 201
00197.png car 560 193 552 186 568 201
00197.png car 578 195 569 188 587 201
00215.png bus 46 193 0 113 93 272
00215.png car 1055 187 994 170 1116 205
00215.png traffic_light 325 120 316 101 334 140
00215.png car 587 193 572 185 603 202
00215.png car 536 195 521 186 551 203
00215.png car 579 194 569 187 589 201
00215.png car 559 194 550 186 568 202
00061.png car 338 210 293 190 383 230
00061.png car 725 193 707 177 743 208
00061.png car 850 183 829 176 871 189
00061.png car 933 181 924 174 942 188
00061.png car 630 186 624 182 637 190
00042.png car 740 187 729 179 751 195
00042.png car 581 191 568 184 594 198
00124.png car 412 216 351 187 473 246
00124.png truck 986 183 938 160 1034 205
00124.png truck 712 197 656 179 768 215
00124.png traffic_light 1168 35 1143 1 1193 69
00124.png traffic_light 384 128 377 113 391 144
00124.png car 547 191 535 184 559 199
00124.png car 606 189 596 181 615 197
00124.png car 567 190 559 183 575 198
00124.png car 585 191 577 184 593 197
00124.png car 508 190 501 186 516 195
00124.png car 528 189 521 185 535 193
00136.png car 56 264 1 212 111 316
00136.png truck 1187 167 1133 129 1241 204
00136.png car 534 209 474 185 595 232
00136.png truck 821 189 774 165 868 213
00136.png car 444 202 422 187 466 217
00136.png traffic_light 370 124 360 107 381 142
00136.png car 729 187 716 177 742 197
00136.png car 608 190 601 183 615 198
00058.png car 406 208 373 190 440 225
00058.png car 730 194 714 181 746 207
00058.png car 921 182 901 175 941 189
00058.png car 856 184 840 178 873 190
00058.png car 677 186 672 181 683 191
00212.png bus 99 212 0 120 198 303
00212.png car 1060 187 999 170 1121 205
00212.png traffic_light 325 121 316 101 335 141
00212.png stop_sign 351 219 341 205 362 233
00212.png car 537 196 522 187 552 204
00212.png car 594 192 581 184 608 201
00212.png car 560 193 550 186 569 201
00212.png car 578 195 570 188 586 202
00018.png car 732 186 723 181 742 192
00196.png bus 297 201 92 133 502 268
00196.png car 1142 186 1076 168 1208 204
00196.png traffic_light 328 120 318 101 339 139
00196.png car 595 192 580 184 609 201
00196.png car 538 196 522 188 553 204
00196.png car 560 194 552 187 568 201
00196.png car 578 194 569 188 586 200
00016.png car 736 186 729 181 744 191
00094.png car 864 239 773 184 955 294
00094.png car 1211 173 1181 155 1240 191
00094.png car 1004 180 968 168 1041 193
00094.png car 445 200 412 187 477 212
00094.png car 601 197 570 184 633 209
00094.png car 806 187 774 174 839 199
00094.png car 274 205 246 192 301 217
00094.png traffic_light 855 113 848 97 863 129
00094.png car 568 188 559 183 577 193
00094.png car 551 189 544 185 558 193
00232.png car 1052 188 991 171 1113 204
00232.png traffic_light 323 121 313 101 333 141
00232.png stop_sign 346 219 334 204 358 234
00232.png car 536 196 521 188 551 204
00232.png car 596 192 584 184 607 201
00232.png car 559 194 550 187 567 202
00232.png car 579 194 569 188 588 201
00222.png car 1054 188 993 171 1115 205
00222.png traffic_light 324 121 314 102 334 140
00222.png stop_sign 349 220 339 205 359 234
00222.png car 537 195 521 188 552 203
00222.png car 578 195 569 189 586 202
00134.png car 111 260 2 203 220 317
00134.png car 565 206 506 183 623 229
00134.png truck 849 187 804 163 895 211
00134.png truck 1209 164 1181 126 1236 201
00134.png car 445 201 419 185 470 217
00134.png traffic_light 372 123 363 105 380 142
00050.png car 521 202 500 188 541 215
00050.png car 740 193 727 184 752 201
00050.png car 693 188 687 184 698 191
00021.png traffic_light 149 117 141 107 158 128
00021.png car 729 183 721 177 737 188
00200.png bus 220 208 3 127 438 289
00200.png car 1108 187 1047 169 1168 204
00200.png traffic_light 328 120 318 101 338 140
00200.png car 538 195 523 187 553 203
00200.png car 595 192 582 184 608 201
00200.png car 560 193 551 186 568 201
00200.png car 578 194 569 188 586 201
00151.png car 164 245 33 201 296 290
00151.png bus 979 173 829 134 1130 211
00151.png car 578 201 525 170 631 232
00151.png truck 577 201 524 171 630 231
00151.png car 362 203 331 191 393 216
00151.png car 380 203 365 190 394 216
00151.png traffic_light 343 121 335 102 352 141
00151.png car 736 184 726 176 745 192
00064.png car 234 222 166 193 302 250
00064.png car 1089 174 1061 162 1117 187
00064.png car 722 194 702 179 742 208
00064.png car 920 180 900 172 940 188
00064.png car 853 181 846 175 861 187
00064.png car 840 181 834 176 846 187
00064.png car 657 184 651 179 662 189
00064.png car 632 184 627 180 637 188
00220.png car 1054 188 993 170 1115 205
00220.png traffic_light 325 121 315 101 335 141
00220.png stop_sign 349 219 338 205 360 234
00220.png car 536 195 521 187 552 203
00220.png car 599 192 592 184 607 199
00220.png car 578 195 570 188 587 201
00164.png bus 769 180 626 141 913 220
00164.png truck 771 181 627 143 914 218
00164.png truck 244 223 145 174 342 273
00164.png traffic_light 330 121 320 101 339 140
00164.png stop_sign 353 220 343 206 364 235
00164.png car 539 195 523 186 554 203
00164.png car 586 195 573 188 599 202
00164.png car 560 194 551 186 570 201
00164.png car 579 194 571 188 588 200
00164.png car 602 193 595 186 609 200
00181.png bus 547 189 402 146 693 232
00181.png traffic_light 331 120 322 100 340 139
00181.png person 1133 211 1129 200 1136 223
00189.png bus 433 194 261 142 604 246
00189.png car 1200 183 1160 164 1240 201
00189.png traffic_light 329 120 320 101 339 140
00189.png stop_sign 351 220 342 203 361 236
00189.png car 602 191 596 184 609 199
00123.png car 434 213 381 187 488 239
00123.png truck 1000 182 952 160 1048 204
00123.png car 725 195 672 176 778 214
00123.png traffic_light 1156 34 1133 0 1180 69
00123.png car 389 209 368 195 410 222
00123.png car 370 205 356 188 384 221
00123.png traffic_light 386 127 379 112 393 143
00123.png car 546 192 534 185 558 199
00123.png car 608 188 600 181 616 196
00123.png car 568 191 560 184 575 197
00123.png car 586 192 578 186 594 198
00123.png car 508 190 500 186 516 194
00123.png car 528 189 521 185 535 193
00060.png car 365 209 324 190 407 228
00060.png car 726 194 709 181 743 207
00060.png car 856 184 837 179 874 190
00060.png car 927 182 914 175 941 190
00060.png car 669 186 662 182 675 191
00141.png truck 1135 169 1029 131 1240 207
00141.png car 446 216 378 189 514 243
00141.png truck 745 193 696 169 795 218
00141.png traffic_light 360 124 352 105 369 142
00141.png car 542 195 530 188 554 202
00141.png car 566 194 557 187 575 200
00141.png car 606 192 598 185 614 200
00141.png car 584 193 576 187 593 200
00121.png car 468 210 413 187 523 234
00121.png truck 1024 182 979 160 1070 203
00121.png car 754 195 705 177 803 212
00121.png traffic_light 1133 38 1111 0 1155 77
00121.png car 381 205 337 189 424 222
00121.png car 686 191 661 179 711 203
00121.png traffic_light 389 128 382 113 396 143
00121.png car 547 191 535 184 559 198
00121.png car 567 190 559 183 575 197
00121.png car 607 188 600 181 614 196
00121.png car 585 191 577 186 593 196
00121.png car 527 190 521 186 533 194
00076.png car 743 204 711 182 776 227
00076.png car 1162 169 1125 155 1198 183
00076.png car 924 181 895 171 953 190
00076.png car 792 183 780 176 805 191
00076.png car 602 187 590 181 615 194
00076.png car 636 187 626 182 645 193
00076.png traffic_light 770 141 765 132 775 150
00193.png bus 362 196 174 138 549 253
00193.png car 1174 185 1111 167 1236 202
00193.png traffic_light 328 120 318 100 338 139
00193.png stop_sign 352 219 342 205 363 233
00193.png car 594 192 581 184 608 201
00193.png car 560 195 551 188 569 201
00193.png car 578 195 570 189 586 201
00153.png bus 944 173 795 134 1093 212
00153.png car 115 257 4 207 226 307
00153.png truck 538 205 482 175 595 235
00153.png car 330 204 309 190 351 218
00153.png traffic_light 341 120 332 101 350 140
00153.png stop_sign 364 217 355 204 373 231
00153.png car 737 185 727 177 746 192
00153.png car 602 192 594 184 610 200
00084.png car 782 215 733 182 830 248
00084.png truck 1205 173 1171 157 1239 189
00084.png car 1204 173 1170 157 1238 188
00084.png car 402 200 376 189 427 211
00084.png car 713 191 684 181 741 200
00084.png car 889 185 865 174 914 195
00084.png traffic_light 802 134 794 121 810 148
00084.png car 626 188 613 181 639 195
00084.png car 587 190 577 183 596 196
00084.png car 631 187 625 181 638 193
00084.png car 617 190 610 184 624 195
00071.png car 728 197 702 179 754 215
00071.png car 925 178 900 169 950 187
00071.png car 813 180 795 172 831 188
00071.png car 1103 174 1095 167 1110 182
00071.png car 630 187 626 183 634 190
00030.png stop_sign 173 179 165 171 181 187
00030.png car 737 184 728 177 747 190
00105.png car 1044 281 859 189 1230 374
00105.png truck 1182 176 1134 155 1230 197
00105.png car 409 212 371 192 448 231
00105.png car 694 194 654 179 735 209
00105.png car 275 207 237 191 312 222
00105.png car 903 188 864 174 941 202
00105.png car 547 197 516 184 577 211
00105.png traffic_light 947 88 933 62 960 113
00105.png car 572 190 564 182 580 197
00105.png car 594 190 587 183 601 197
00105.png car 608 188 602 181 614 195
00105.png car 589 190 582 184 596 196
00185.png bus 494 192 344 146 644 238
00185.png traffic_light 331 120 321 100 341 139
00130.png car 251 234 160 196 342 272
00130.png car 629 202 572 183 685 221
00130.png truck 903 185 858 161 947 209
00130.png traffic_light 1221 27 1202 0 1240 54
00130.png car 440 202 408 187 473 217
00130.png car 719 188 703 177 735 199
00130.png traffic_light 377 125 368 108 385 142
00130.png car 551 192 535 183 566 200
00130.png car 605 186 598 181 613 192
00130.png car 585 190 577 186 593 194
00130.png car 527 190 520 186 535 194
00127.png car 342 223 269 192 415 255
00127.png car 672 198 618 178 726 218
00127.png truck 948 183 901 161 995 205
00127.png traffic_light 1203 30 1177 0 1228 59
00127.png car 430 203 399 187 461 218
00127.png traffic_light 380 126 372 109 387 142
00127.png car 546 191 533 183 560 200
00127.png car 607 188 600 181 615 196
00127.png car 567 191 559 183 574 198
00127.png car 585 191 577 185 593 198
00127.png car 527 190 520 185 534 194
00127.png car 508 189 501 185 514 193
00038.png car 601 190 589 184 613 196
00038.png car 742 187 732 180 752 194
00214.png car 1056 187 996 170 1116 205
00214.png traffic_light 325 121 316 101 334 140
00214.png car 536 196 521 188 550 203
00214.png car 597 192 586 184 608 201
00214.png car 560 194 552 187 569 201
00214.png car 578 195 569 188 586 201
00204.png bus 188 197 0 117 377 278
00204.png car 1083 187 1023 169 1143 204
00204.png traffic_light 328 121 317 100 338 141
00204.png car 538 195 521 186 554 203
00204.png car 598 191 589 184 607 199
00204.png car 559 193 551 186 568 201
00204.png car 577 195 569 189 586 201
00090.png car 821 227 752 183 891 271
00090.png car 1020 181 977 169 1063 192
00090.png car 423 201 391 189 455 212
00090.png car 649 194 618 182 680 205
00090.png car 1206 173 1185 160 1227 187
00090.png car 279 203 258 191 300 214
00090.png car 858 183 842 174 874 193
00090.png traffic_light 831 122 824 108 839 136
00090.png car 618 187 603 181 632 194
00090.png car 575 189 566 183 584 195
00090.png car 593 188 586 182 601 195
00090.png car 608 189 601 183 615 194
00155.png bus 910 174 760 135 1059 213
00155.png car 74 257 1 212 146 302
00155.png truck 496 206 433 173 559 238
00155.png car 497 206 437 174 558 238
00155.png car 313 204 286 191 339 218
00155.png traffic_light 339 120 329 100 348 139
00155.png car 592 195 582 188 601 201
00155.png car 738 184 728 177 747 190
00155.png car 579 194 571 188 587 200
00155.png car 565 193 559 187 572 200
00045.png car 740 190 729 182 752 198
00045.png car 714 185 709 181 718 189
00045.png car 692 185 688 181 696 189
00086.png car 791 220 735 184 847 256
00086.png truck 1208 173 1176 156 1241 189
00086.png car 1035 182 993 171 1077 192
00086.png car 871 186 840 175 902 198
00086.png car 695 191 665 181 726 202
00086.png car 405 200 376 189 433 211
00086.png traffic_light 811 130 805 116 818 145
00086.png car 623 188 611 181 636 195
00086.png car 631 187 625 181 637 193
00086.png car 612 190 606 185 618 194
00178.png bus 587 187 446 146 729 228
00178.png traffic_light 331 120 321 100 340 139
00162.png bus 797 179 653 140 940 218
00162.png car 313 220 230 176 396 264
00162.png car 238 207 213 194 263 220
00162.png traffic_light 331 120 322 101 340 139
00162.png car 538 194 524 186 552 203
00162.png car 585 194 572 186 599 201
00162.png car 559 194 550 186 568 201
00162.png car 602 191 593 184 611 199
00162.png car 579 194 571 187 588 200
00034.png stop_sign 89 177 79 167 99 187
00034.png car 618 191 609 184 628 199
00034.png car 741 187 730 180 751 193
00119.png car 505 208 455 186 554 229
00119.png car 1047 182 1000 161 1095 203
00119.png traffic_light 1109 44 1088 6 1129 82
00119.png car 780 193 733 176 827 209
00119.png car 355 205 319 189 391 221
00119.png car 675 192 649 180 700 205
00119.png traffic_light 394 128 387 114 402 142
00119.png car 568 190 559 183 576 197
00119.png car 553 191 545 184 562 198
00119.png car 592 191 584 184 599 198
00119.png car 608 188 602 181 615 195
00119.png car 585 192 577 186 593 198
00026.png car 732 191 725 184 740 197
00026.png stop_sign 234 183 228 177 241 189
00074.png car 736 205 707 184 765 226
00074.png truck 1147 172 1112 158 1181 186
00074.png car 929 182 908 173 951 191
00074.png car 601 190 593 185 610 196
00074.png car 812 185 807 178 817 191
00176.png bus 616 186 472 145 759 227
00176.png traffic_light 330 120 320 100 340 139
00137.png truck 1175 168 1113 131 1237 205
00137.png car 517 211 454 187 579 234
00137.png truck 806 190 759 166 853 215
00137.png car 21 278 0 226 42 330
00137.png car 442 202 424 187 460 216
00137.png traffic_light 368 124 358 106 378 142
00137.png car 729 188 718 179 741 197
00137.png car 594 194 584 187 604 201
00137.png car 586 194 577 187 595 201
00137.png car 609 192 601 185 616 199
00137.png person 1104 209 1101 199 1107 220
00179.png bus 575 187 432 146 717 228
00179.png traffic_light 331 120 322 101 340 139
00122.png car 455 212 405 188 506 236
00122.png truck 1012 182 965 161 1060 204
00122.png car 740 195 688 177 791 213
00122.png traffic_light 1145 36 1122 0 1169 72
00122.png car 380 205 348 189 413 222
00122.png car 687 191 667 178 708 203
00122.png car 547 192 534 184 560 199
00122.png car 568 190 560 183 575 197
00122.png car 607 188 600 181 614 196
00122.png car 585 190 577 185 594 196
00122.png car 509 190 501 186 516 195
00122.png car 528 189 521 185 535 194
00211.png bus 109 208 0 121 219 295
00211.png car 1061 187 1000 170 1121 204
00211.png traffic_light 326 121 316 101 336 141
00211.png stop_sign 351 219 341 205 362 233
00211.png car 538 195 522 187 554 204
00211.png car 560 194 552 186 568 201
00211.png car 578 195 570 189 586 201
00169.png bus 701 182 556 143 846 221
00169.png car 81 246 1 177 162 316
00169.png person 39 223 22 206 56 240
00169.png stop_sign 351 219 339 205 363 234
00169.png traffic_light 328 120 319 101 337 139
00169.png car 541 194 525 186 557 203
00169.png car 556 193 551 185 562 202
00057.png car 427 203 394 189 459 218
00057.png car 732 192 716 180 748 204
00057.png car 926 180 911 174 940 186
00057.png car 672 187 667 183 678 190
00113.png car 1110 297 980 223 1241 370
00113.png car 171 241 72 204 269 279
00113.png truck 1119 180 1072 157 1166 202
00113.png car 316 206 271 188 361 224
00113.png car 596 201 551 184 641 219
00113.png car 842 191 792 175 891 207
00113.png traffic_light 1033 63 1017 33 1049 94
00113.png car 638 196 622 185 655 207
00113.png traffic_light 410 134 403 120 418 148
00113.png car 550 191 538 184 563 197
00113.png car 529 190 520 186 537 195
00043.png car 740 188 729 180 752 196
00043.png car 574 192 561 186 588 199
00089.png car 814 225 747 183 880 266
00089.png car 1023 181 977 169 1069 193
00089.png car 417 200 384 188 450 212
00089.png car 661 193 629 182 692 205
00089.png car 858 184 835 173 882 195
00089.png car 284 202 264 192 304 213
00089.png traffic_light 827 124 818 108 836 139
00089.png car 619 188 607 182 631 194
00089.png car 626 187 619 181 633 193
00089.png car 594 189 587 182 600 195
00089.png car 576 189 568 184 584 195
00089.png car 609 189 602 184 616 194
00230.png car 1052 188 991 171 1113 205
00230.png traffic_light 324 121 314 101 333 140
00230.png car 537 196 521 188 552 203
00230.png car 577 194 568 188 587 201
00230.png car 598 192 590 184 606 200
00062.png car 308 212 256 189 361 235
00062.png truck 1081 175 1055 163 1107 186
00062.png car 724 193 705 178 742 207
00062.png car 661 185 654 181 668 189
00062.png car 627 185 620 181 634 189
00056.png car 445 202 418 189 472 215
00056.png car 733 192 718 180 748 204
00056.png car 921 181 901 174 941 188
00056.png car 677 186 670 182 683 191
00056.png car 651 186 644 182 658 190
00183.png bus 520 190 367 146 673 235
00183.png traffic_light 331 120 321 100 341 140
00007.png car 82 223 20 198 144 248
00063.png car 274 215 213 190 334 240
00063.png car 723 193 703 178 742 208
00063.png truck 1089 173 1067 162 1111 185
00063.png car 839 182 832 177 845 187
00087.png car 799 221 740 184 858 257
00087.png car 1031 181 987 170 1075 192
00087.png car 1209 173 1180 157 1238 188
00087.png car 866 186 833 174 899 198
00087.png car 408 200 380 188 436 212
00087.png traffic_light 815 128 809 115 822 141
00087.png person 513 203 509 188 518 218
00087.png car 614 189 606 184 622 195
00087.png car 611 190 605 186 617 194
00098.png car 922 256 796 190 1048 322
00098.png car 1203 173 1168 153 1237 192
00098.png car 770 190 733 177 807 203
00098.png car 542 202 508 188 576 215
00098.png car 268 206 235 192 301 220
00098.png car 479 199 449 187 510 211
00098.png car 963 180 940 165 986 195
00098.png traffic_light 882 104 874 85 890 123
00098.png car 581 189 573 183 589 194
00098.png car 596 189 589 184 603 194
00171.png bus 679 184 534 143 825 225
00171.png traffic_light 331 120 321 100 340 139
00152.png bus 967 174 814 134 1119 214
00152.png car 130 249 2 202 259 297
00152.png truck 559 204 505 175 614 232
00152.png car 352 205 320 192 384 218
00152.png traffic_light 342 122 333 103 350 140
00152.png car 737 184 727 176 746 192
00104.png car 1037 280 842 191 1233 370
00104.png truck 1182 176 1128 155 1237 197
00104.png car 443 209 401 191 485 228
00104.png car 917 188 872 174 962 201
00104.png car 271 206 234 190 308 222
00104.png car 706 194 666 179 745 209
00104.png car 536 198 505 184 567 211
00104.png traffic_light 936 90 924 67 948 114
00104.png car 609 188 601 182 616 195
00104.png car 575 190 568 184 582 196
00104.png car 588 191 582 185 595 197
00033.png stop_sign 112 178 102 168 122 187
00033.png car 740 186 731 180 750 192
00004.png car 76 225 34 198 117 252
00004.png car 172 221 126 200 219 242
00166.png car 159 232 38 174 280 290
00166.png truck 744 181 598 143 891 219
00166.png traffic_light 329 120 320 101 339 140
00166.png car 539 195 525 187 553 203
00166.png car 586 193 572 186 599 201
00166.png car 561 194 552 186 569 201
00166.png car 597 192 592 184 602 201
