00216.png car 193 308 0 249 387 367
00216.png car 462 238 409 201 515 275
00216.png car 626 205 605 189 648 221
00216.png car 574 200 556 186 592 213
00328.png car 299 286 162 206 436 366
00328.png car 545 226 501 191 589 261
00328.png car 640 202 618 185 662 219
00328.png car 574 200 555 187 593 213
00328.png car 607 196 593 184 621 209
00328.png person 1060 228 1054 216 1065 240
00233.png car 186 314 7 260 364 368
00233.png car 470 234 422 195 519 273
00233.png car 618 205 597 188 640 222
00233.png car 576 197 560 186 593 209
00236.png car 184 312 6 254 362 369
00236.png car 470 235 419 201 521 269
00236.png car 402 223 369 200 436 247
00236.png car 616 206 594 190 639 223
00236.png car 577 201 560 187 595 214
00301.png car 316 290 196 214 436 367
00301.png car 182 261 107 218 258 303
00301.png car 560 222 520 192 599 253
00301.png car 451 208 419 189 483 227
00301.png car 547 204 520 188 575 221
00301.png car 639 203 621 188 658 219
00301.png car 608 198 596 186 620 210
00301.png car 665 198 656 189 674 207
00319.png car 316 291 194 216 438 367
00319.png car 549 231 505 196 593 266
00319.png car 401 219 362 196 439 241
00319.png car 640 205 618 189 661 222
00319.png car 605 200 590 188 619 212
00319.png car 669 204 658 199 679 210
00309.png car 328 288 216 213 441 364
00309.png car 225 246 138 203 312 290
00309.png car 554 223 513 189 595 256
00309.png car 639 206 618 192 660 221
00309.png car 607 200 595 188 619 212
00309.png car 667 199 658 189 675 208
00333.png car 315 290 190 212 441 368
00333.png car 544 225 501 191 587 259
00333.png car 640 202 618 186 663 219
00333.png car 606 197 591 184 621 210
00333.png car 673 199 664 189 681 208
00125.png car 384 280 265 208 504 352
00125.png car 520 213 480 188 561 239
00125.png car 634 198 611 181 657 214
00125.png car 587 192 569 178 605 207
00296.png car 312 285 188 208 437 363
00296.png car 562 218 522 187 601 248
00296.png car 394 222 364 200 423 244
00296.png car 638 202 619 187 658 217
00296.png car 500 200 480 187 521 213
00296.png car 664 197 654 189 673 204
00117.png car 425 262 332 203 519 321
00117.png car 528 210 497 187 559 233
00117.png car 638 197 616 182 659 213
00117.png car 591 191 574 178 609 203
00245.png car 453 242 397 203 508 281
00245.png car 606 210 583 193 629 227
00245.png car 573 200 556 188 590 211
00245.png car 632 201 620 191 643 211
00168.png car 210 309 3 246 416 373
00168.png car 485 238 435 201 535 275
00168.png car 631 211 604 191 659 230
00168.png car 573 205 552 188 595 222
00168.png car 533 204 518 191 548 216
00168.png car 495 200 473 192 516 208
00182.png car 196 292 2 216 389 369
00182.png car 315 243 235 204 394 282
00182.png car 470 240 417 203 524 277
00182.png car 637 212 608 191 666 233
00182.png car 569 207 545 188 592 226
00182.png car 602 203 589 193 615 214
00321.png car 311 287 183 206 439 368
00321.png car 547 228 504 193 591 263
00321.png car 640 205 618 189 662 221
00321.png car 569 200 548 190 589 209
00321.png car 605 198 591 185 619 210
00321.png car 670 200 660 192 680 209
00082.png car 554 205 531 188 577 222
00082.png car 642 193 626 182 657 205
00082.png car 582 196 569 185 596 207
00082.png car 608 187 597 179 619 195
00274.png car 285 288 159 211 412 366
00274.png car 565 215 528 189 602 242
00274.png truck 494 190 470 170 518 210
00274.png car 541 202 517 183 564 222
00274.png car 625 197 607 184 643 210
00274.png car 650 191 643 185 657 198
00079.png car 365 230 302 193 429 267
00079.png car 560 200 540 185 580 215
00079.png car 642 189 628 178 657 200
00079.png car 587 192 575 181 600 203
00079.png car 611 185 599 176 623 194
00226.png car 188 313 4 257 371 369
00226.png car 470 234 421 198 519 270
00226.png car 623 206 600 190 645 221
00226.png car 576 199 560 188 593 210
00226.png car 524 203 510 192 538 214
00039.png car 155 285 3 213 307 358
00068.png car 581 196 566 185 597 208
00068.png car 645 189 633 181 656 198
00068.png car 619 187 608 179 629 194
00323.png car 303 286 171 207 434 365
00323.png car 245 243 159 202 330 285
00323.png car 546 228 502 192 589 263
00323.png car 640 203 618 186 662 219
00323.png car 606 197 592 185 620 209
00323.png car 670 199 659 189 680 208
00206.png car 180 316 0 262 360 370
00206.png car 248 255 147 208 349 302
00206.png car 449 243 389 198 510 289
00206.png car 632 204 607 186 656 222
00206.png car 567 200 546 185 588 215
00206.png car 602 192 589 185 615 199
00114.png car 443 254 360 199 527 308
00114.png car 535 208 503 187 566 230
00114.png car 638 197 616 181 659 213
00114.png car 591 190 575 177 608 203
00096.png truck 234 248 116 174 352 322
00096.png car 520 221 479 194 562 248
00096.png car 564 202 545 187 583 217
00096.png car 639 197 621 184 657 210
00096.png car 599 191 585 181 613 201
00186.png car 186 304 0 240 373 367
00186.png car 464 244 408 203 520 286
00186.png car 635 212 608 191 663 232
00186.png car 565 208 540 189 590 228
00186.png car 484 205 459 189 510 221
00156.png car 212 296 4 227 420 364
00156.png car 485 230 437 194 532 265
00156.png car 625 208 597 188 653 228
00156.png car 571 200 550 185 592 215
00156.png car 600 200 591 190 608 209
00291.png car 306 288 182 213 430 364
00291.png truck 61 243 3 136 120 350
00291.png car 62 252 4 158 120 345
00291.png car 564 220 524 190 603 250
00291.png car 550 205 521 186 580 225
00291.png car 465 209 442 194 488 225
00291.png car 637 202 619 186 656 217
00291.png car 664 196 655 188 672 204
00100.png car 507 229 459 198 554 259
00100.png car 558 205 537 188 579 223
00100.png car 640 199 621 185 659 213
00100.png car 599 193 584 182 614 205
00337.png car 329 283 212 206 446 360
00337.png car 548 224 505 191 591 257
00337.png car 641 203 619 187 662 219
00337.png car 568 201 549 189 588 213
00337.png car 607 196 591 184 623 209
00337.png car 672 200 663 191 681 209
00275.png car 284 288 155 211 412 365
00275.png car 564 215 527 188 602 242
00275.png truck 488 193 460 169 515 216
00275.png car 538 202 518 184 558 220
00275.png car 625 197 607 185 643 209
00275.png car 596 198 585 188 608 208
00303.png car 319 289 201 214 438 365
00303.png car 76 294 1 225 152 363
00303.png car 560 223 519 191 600 255
00303.png car 421 213 384 193 458 234
00303.png car 638 204 617 189 659 219
00303.png car 608 199 595 187 620 211
00303.png car 665 198 655 189 675 207
00032.png car 517 199 489 183 544 215
00101.png car 503 229 453 196 553 263
00101.png car 554 206 529 189 579 223
00101.png car 639 199 620 186 658 212
00101.png car 598 193 584 182 612 203
00295.png car 313 287 188 211 438 364
00295.png car 561 218 522 188 601 249
00295.png car 408 218 377 197 439 239
00295.png car 638 201 618 186 658 216
00295.png car 665 195 657 186 673 203
00139.png car 316 291 163 215 469 368
00139.png car 499 222 454 194 545 251
00139.png car 628 205 602 187 654 224
00139.png car 576 198 556 183 596 214
00316.png car 325 291 204 215 445 367
00316.png car 550 226 508 189 592 263
00316.png car 444 214 407 194 481 233
00316.png car 639 206 619 190 659 222
00316.png car 605 200 590 188 620 213
00316.png car 667 202 657 194 677 210
00318.png car 317 291 194 213 440 368
00318.png car 549 226 506 190 592 263
00318.png car 418 218 381 197 455 239
00318.png car 639 206 618 189 661 223
00318.png car 604 201 589 189 619 213
00131.png car 359 287 226 210 492 365
00131.png car 510 219 470 192 550 246
00131.png car 632 203 609 186 655 220
00131.png car 582 197 563 181 601 212
00237.png car 184 314 2 257 366 371
00237.png car 470 235 420 201 520 269
00237.png car 384 229 339 201 428 256
00237.png car 616 207 593 190 639 224
00237.png car 576 199 560 187 592 211
00146.png car 265 300 76 231 455 370
00146.png car 489 228 443 194 535 261
00146.png car 626 207 599 188 653 226
00146.png car 575 200 555 184 594 215
00146.png car 534 199 518 189 550 208
00140.png car 311 294 154 218 467 370
00140.png car 497 226 453 195 541 256
00140.png car 627 206 601 187 653 224
00140.png car 576 198 556 183 596 213
00140.png car 541 202 522 191 560 214
00069.png car 579 197 562 186 596 208
00069.png car 645 189 633 181 656 198
00069.png car 618 186 607 179 628 194
00054.png car 601 190 589 183 612 198
00054.png car 644 187 635 180 654 194
00306.png car 325 283 206 205 443 360
00306.png car 556 221 516 189 596 254
00306.png car 639 204 619 188 659 220
00306.png car 607 199 594 186 620 211
00306.png car 666 198 657 189 674 207
00322.png car 309 286 182 205 436 366
00322.png car 547 228 503 193 590 263
00322.png car 639 204 618 188 660 220
00322.png car 606 197 591 184 621 210
00322.png car 669 200 659 191 680 208
00265.png car 347 270 252 207 443 333
00265.png car 575 214 545 192 605 237
00265.png car 564 206 537 188 592 224
00265.png car 548 202 528 185 568 219
00265.png car 623 200 609 188 638 212
00265.png car 645 192 638 183 652 200
00266.png car 343 277 243 209 442 345
00266.png car 572 216 541 193 603 238
00266.png car 549 200 527 187 571 214
00266.png car 622 201 607 191 638 212
00266.png car 646 192 639 183 653 201
00332.png car 312 289 185 212 438 365
00332.png car 544 226 500 192 588 260
00332.png car 640 203 618 187 663 219
00332.png car 607 197 591 185 622 210
00332.png car 673 199 664 190 681 208
00148.png car 246 299 44 225 449 372
00148.png car 488 228 442 196 533 261
00148.png car 625 207 597 188 653 227
00148.png car 573 200 553 184 592 217
00148.png car 526 200 514 191 539 209
00109.png car 470 243 402 199 539 287
00109.png car 544 207 515 187 572 228
00109.png car 640 197 620 181 659 212
00109.png car 597 190 580 178 613 203
00109.png car 569 196 558 187 581 205
00199.png car 173 322 0 272 347 371
00199.png car 450 242 389 196 512 288
00199.png car 564 201 539 183 589 220
00199.png car 633 204 608 187 658 222
00251.png car 430 243 368 201 492 286
00251.png car 597 207 571 190 622 225
00251.png car 565 198 549 185 581 212
00251.png car 627 198 615 188 640 207
00251.png car 532 197 522 190 542 204
00251.png car 647 191 640 183 653 198
00095.png car 521 219 482 193 561 246
00095.png car 565 201 547 187 583 215
00095.png car 639 197 621 184 657 210
00095.png car 601 191 586 181 616 201
00240.png car 178 317 0 265 357 369
00240.png car 259 255 175 211 343 299
00240.png car 464 239 413 204 515 275
00240.png car 612 209 590 193 634 225
00240.png car 577 200 560 189 594 212
00240.png car 636 203 627 192 645 213
00259.png car 389 255 312 204 466 306
00259.png car 584 208 556 187 612 229
00259.png car 556 198 537 183 575 213
00259.png car 476 203 458 190 495 216
00259.png car 624 198 609 187 638 208
00259.png car 645 191 639 185 651 197
00107.png car 481 239 417 199 544 280
00107.png car 546 207 519 187 573 227
00107.png car 640 198 620 183 660 212
00107.png car 598 192 581 180 614 205
00107.png car 571 195 561 187 581 204
00313.png car 327 286 209 209 445 363
00313.png car 551 224 509 190 593 257
00313.png car 479 208 450 192 507 223
00313.png car 638 205 618 190 659 221
00313.png car 607 200 595 188 619 212
00313.png car 666 201 657 193 676 210
00290.png truck 105 236 1 143 209 329
00290.png car 304 287 181 212 428 362
00290.png car 565 219 526 190 605 248
00290.png car 547 204 522 185 572 222
00290.png car 476 206 453 191 498 220
00290.png car 637 201 618 186 656 216
00290.png car 663 194 655 186 671 202
00133.png car 348 289 215 209 480 370
00133.png car 508 220 468 192 548 248
00133.png car 630 204 604 186 655 222
00133.png car 581 197 561 183 601 212
00031.png car 530 196 505 182 554 210
00157.png car 215 296 8 229 421 363
00157.png car 488 232 438 198 537 265
00157.png car 627 208 599 189 655 227
00157.png car 446 213 422 195 470 230
00157.png car 571 202 550 186 592 217
00157.png car 600 201 592 191 609 212
00028.png car 559 193 540 184 577 203
00294.png car 311 288 188 212 435 364
00294.png car 562 219 522 188 602 249
00294.png car 427 215 398 196 455 234
00294.png car 638 201 619 186 657 216
00294.png car 600 204 588 194 612 214
00294.png car 665 195 658 186 672 203
00195.png car 168 324 0 275 337 374
00195.png truck 239 242 141 187 336 296
00195.png car 453 244 390 198 515 289
00195.png car 633 207 606 187 660 226
00195.png car 562 203 538 184 586 221
00195.png car 506 202 489 189 523 215
00195.png car 600 201 586 189 613 213
00072.png car 576 198 559 185 592 210
00072.png car 539 195 522 185 556 205
00072.png car 644 190 632 181 657 199
00072.png car 616 186 605 178 627 194
00036.png car 414 221 357 190 471 253
00225.png car 185 314 0 259 370 369
00225.png car 469 236 420 199 519 272
00225.png car 622 206 601 190 644 222
00225.png car 576 199 559 188 593 210
00225.png car 530 202 517 191 544 212
00225.png car 553 200 545 193 561 207
00250.png car 435 242 374 199 495 285
00250.png car 599 208 572 188 625 227
00250.png car 567 198 550 185 585 210
00250.png car 628 198 616 188 641 208
00250.png car 538 196 528 188 547 203
00163.png car 215 303 0 236 430 369
00163.png car 324 240 256 211 391 269
00163.png car 486 235 436 200 536 270
00163.png car 628 210 600 190 656 230
00163.png car 574 203 553 188 596 219
00163.png car 529 203 510 188 549 217
00163.png car 603 202 596 193 611 211
00331.png car 309 288 182 212 436 364
00331.png car 545 226 502 192 588 261
00331.png car 640 203 619 187 662 220
00331.png car 570 200 550 188 591 212
00331.png car 607 198 592 185 622 210
00331.png car 672 199 664 190 681 208
00213.png car 195 315 7 261 384 369
00213.png car 457 241 405 201 510 281
00213.png car 628 205 606 189 651 222
00213.png car 573 200 554 186 593 214
00224.png car 179 307 0 244 358 370
00224.png car 123 285 1 229 244 340
00224.png car 468 236 419 199 518 273
00224.png car 623 206 601 190 644 222
00224.png car 576 200 558 189 594 211
00224.png car 535 200 522 191 547 210
00280.png car 279 287 147 208 410 366
00280.png truck 433 194 391 163 475 224
00280.png car 564 212 527 185 601 240
00280.png car 545 195 520 177 570 213
00280.png car 629 193 612 179 647 208
00280.png person 954 197 950 185 959 209
00277.png car 278 289 148 210 408 368
00277.png car 564 214 527 186 602 241
00277.png truck 468 192 437 167 499 217
00277.png car 544 200 518 181 569 219
00277.png car 627 197 609 184 645 210
00277.png car 653 191 645 184 660 197
00235.png car 187 315 9 260 365 370
00235.png car 469 235 421 201 517 269
00235.png car 419 220 393 198 444 242
00235.png car 617 206 595 190 638 222
00235.png car 578 201 559 188 597 214
00229.png car 190 315 9 260 370 370
00229.png car 472 235 422 201 523 269
00229.png car 621 205 598 189 643 221
00229.png car 577 198 561 187 593 209
00120.png car 407 271 302 204 511 339
00120.png car 525 213 491 188 559 238
00120.png car 637 198 615 182 658 213
00120.png car 590 193 572 179 609 207
00217.png car 189 309 0 253 379 365
00217.png car 463 239 410 202 515 276
00217.png car 424 218 401 201 447 236
00217.png car 626 205 605 189 648 221
00217.png car 574 200 556 187 592 214
00219.png car 211 311 39 254 384 368
00219.png car 466 238 414 201 518 275
00219.png car 387 228 348 205 427 250
00219.png car 625 205 604 190 646 221
00219.png car 575 199 558 188 592 211
00219.png car 601 198 593 190 609 205
00116.png car 431 260 339 203 522 318
00116.png car 530 211 497 188 563 234
00116.png car 638 197 617 180 659 213
00116.png car 591 191 574 178 609 205
00093.png truck 422 206 376 175 468 237
00093.png car 528 215 490 190 565 240
00093.png car 568 200 552 186 585 214
00093.png car 640 196 621 183 658 208
00093.png car 601 188 588 179 614 198
00037.png car 363 234 288 198 437 270
00269.png car 318 280 208 208 427 351
00269.png car 206 250 150 214 262 286
00269.png car 570 214 536 189 603 239
00269.png car 544 202 521 185 566 218
00269.png car 622 199 606 188 639 210
00269.png truck 519 187 506 174 533 200
00269.png car 645 191 639 184 652 197
00108.png car 476 240 410 199 542 281
00108.png car 546 207 519 186 574 228
00108.png car 640 197 619 183 660 212
00108.png car 597 191 581 178 613 204
00077.png car 455 208 418 186 492 230
00077.png car 565 198 545 183 585 213
00077.png car 643 188 629 176 658 199
00077.png car 614 187 601 176 627 198
00077.png car 590 190 580 181 601 200
00083.png car 552 206 527 189 578 224
00083.png car 642 194 626 182 657 206
00083.png car 581 196 569 184 594 207
00083.png car 607 188 596 179 619 196
00201.png car 173 322 0 272 347 372
00201.png car 449 239 386 195 511 283
00201.png car 632 205 607 186 657 223
00201.png car 564 202 540 183 588 221
00201.png car 603 199 588 186 617 211
00207.png car 183 318 5 266 360 370
00207.png car 169 285 2 231 336 339
00207.png car 170 257 46 216 294 299
00207.png car 450 244 392 200 509 289
00207.png car 631 203 607 186 655 221
00207.png car 568 199 546 184 589 215
00252.png car 425 245 361 201 490 288
00252.png car 594 208 568 189 621 227
00252.png car 564 198 547 185 580 211
00252.png car 627 198 614 188 640 208
00252.png car 529 198 518 190 541 205
00252.png car 648 191 643 184 653 198
00192.png car 171 320 0 271 343 369
00192.png car 456 241 396 198 515 284
00192.png car 632 208 604 188 661 227
00192.png car 563 202 538 184 588 220
00150.png car 227 297 7 223 446 372
00150.png car 487 228 441 196 533 261
00150.png car 625 208 597 187 654 228
00150.png car 572 200 552 185 592 215
00174.png car 202 304 0 242 404 366
00174.png car 482 236 429 199 534 273
00174.png truck 397 219 347 191 446 248
00174.png car 637 209 608 189 665 230
00174.png car 572 205 549 187 596 223
00075.png car 502 202 476 185 528 219
00075.png car 569 200 551 186 586 213
00075.png car 644 189 630 178 657 201
00075.png car 593 193 582 183 604 202
00075.png car 615 188 605 179 625 197
00088.png car 541 210 510 188 572 231
00088.png car 516 193 496 176 537 209
00088.png car 641 196 625 183 657 208
00088.png car 574 198 558 186 590 210
00088.png car 603 188 592 180 614 195
00238.png car 191 313 6 257 376 369
00238.png car 355 236 299 204 410 268
00238.png car 470 237 420 202 521 272
00238.png car 615 208 592 191 638 224
00238.png car 418 234 403 211 434 257
00238.png car 576 199 560 187 592 211
00238.png car 638 200 630 192 645 209
00187.png car 186 317 2 268 370 367
00187.png car 462 245 405 203 518 287
00187.png car 636 211 607 191 664 231
00187.png car 564 207 539 188 589 227
00187.png car 476 200 447 187 506 214
00099.png car 509 226 463 194 555 257
00099.png car 559 204 537 187 580 221
00099.png car 640 199 621 185 658 212
00099.png car 599 193 584 182 615 203
00070.png car 578 198 562 186 594 209
00070.png car 554 193 541 185 568 202
00070.png car 645 189 633 180 656 198
00070.png car 617 186 607 178 628 194
00268.png car 324 280 216 209 432 351
00268.png car 273 237 221 209 324 265
00268.png car 570 214 537 189 604 239
00268.png car 543 203 523 185 563 220
00268.png car 621 199 604 188 638 210
00188.png car 182 319 1 267 364 371
00188.png car 459 241 401 198 518 284
00188.png car 635 209 607 189 662 229
00188.png car 564 206 539 187 588 226
00311.png car 326 289 207 213 445 365
00311.png car 110 276 3 213 217 340
00311.png car 553 224 510 191 596 256
00311.png car 639 205 618 190 659 220
00311.png car 494 203 472 190 515 216
00311.png car 607 200 595 187 619 212
00311.png car 667 201 657 192 676 209
00329.png car 303 288 170 210 435 367
00329.png car 545 226 501 191 589 260
00329.png car 641 203 619 186 663 219
00329.png car 606 196 591 184 622 209
00329.png car 671 199 662 189 681 208
00272.png car 298 287 176 209 421 364
00272.png car 41 292 0 237 81 348
00272.png car 566 214 530 188 602 241
00272.png car 539 203 519 185 560 221
00272.png truck 506 189 488 172 524 206
00272.png car 623 198 607 186 640 211
00272.png car 598 199 588 189 607 209
00272.png car 647 192 640 186 654 198
00110.png car 464 244 392 199 536 289
00110.png car 542 207 511 186 573 228
00110.png car 639 197 618 182 660 211
00110.png car 594 190 579 178 610 202
00102.png car 499 231 449 196 550 267
00102.png car 553 208 530 188 577 228
00102.png car 640 199 622 186 658 212
00102.png car 597 193 582 182 613 204
00092.png truck 449 200 410 175 489 226
00092.png car 532 213 493 189 570 238
00092.png car 640 195 622 182 658 207
00092.png car 568 197 552 184 585 210
00092.png car 601 187 587 178 614 197
00202.png car 171 322 0 271 342 373
00202.png car 450 243 388 201 513 285
00202.png car 395 222 359 199 431 245
00202.png car 632 205 606 187 657 223
00202.png car 564 201 542 184 586 217
00145.png car 278 297 100 225 456 370
00145.png car 487 226 444 193 531 259
00145.png car 625 207 596 188 653 226
00145.png car 574 199 554 184 594 215
00284.png car 290 288 156 209 424 367
00284.png truck 352 203 286 164 419 243
00284.png car 564 215 526 187 602 244
00284.png car 543 201 519 183 567 220
00284.png car 633 198 614 184 652 212
00284.png car 659 191 652 182 666 200
00278.png car 275 289 143 209 406 368
00278.png car 563 213 527 186 599 241
00278.png truck 459 192 427 165 491 219
00278.png car 540 199 518 180 562 218
00278.png car 629 196 610 184 648 209
00278.png car 654 192 646 187 661 197
00231.png car 187 314 8 260 365 369
00231.png car 469 235 422 200 517 271
00231.png car 620 205 599 189 642 222
00231.png car 577 199 560 187 593 212
00231.png car 486 200 465 193 507 208
00059.png car 595 189 582 180 608 198
00059.png stop_sign 688 157 681 151 695 164
00115.png car 438 258 349 202 527 315
00115.png car 533 210 502 187 564 233
00115.png car 638 196 618 180 659 212
00115.png car 591 190 575 178 608 203
00242.png car 170 316 0 263 341 369
00242.png car 90 252 0 222 179 282
00242.png car 460 241 407 205 513 278
00242.png car 609 211 586 195 632 228
00242.png car 576 202 558 191 594 212
00242.png car 633 202 622 194 645 211
00262.png car 371 260 288 204 454 316
00262.png car 581 208 552 186 610 229
00262.png car 441 209 418 192 465 225
00262.png car 553 196 533 182 573 210
00262.png car 623 197 608 186 639 208
00256.png car 404 254 332 203 475 304
00256.png car 588 208 561 187 615 230
00256.png car 560 198 543 184 578 212
00256.png car 503 201 487 192 518 211
00256.png car 626 197 613 187 639 207
00256.png car 645 191 639 184 651 197
00175.png car 202 304 1 241 403 367
00175.png truck 367 227 311 190 423 265
00175.png car 480 237 428 200 532 274
00175.png car 425 226 397 202 454 251
00175.png car 635 209 606 189 664 230
00175.png car 572 206 547 187 597 225
00158.png car 208 300 0 232 417 369
00158.png car 488 232 438 199 538 265
00158.png car 628 208 601 189 655 228
00158.png car 429 218 403 200 454 235
00158.png car 571 202 551 186 592 218
00144.png car 282 297 107 221 456 374
00144.png car 490 225 446 193 533 257
00144.png car 626 207 601 187 652 226
00144.png car 575 198 556 184 594 213
00144.png car 601 198 593 190 609 206
00271.png car 308 285 192 211 424 359
00271.png car 94 286 0 229 188 344
00271.png car 567 214 533 187 602 240
00271.png car 541 203 519 184 562 221
00271.png truck 509 189 493 173 526 205
00271.png car 622 199 603 187 640 211
00271.png car 597 198 587 188 607 208
00271.png car 646 190 640 181 653 198
00289.png truck 137 240 2 150 273 331
00289.png car 304 289 180 212 428 365
00289.png car 565 218 527 191 603 246
00289.png car 547 203 521 186 573 220
00289.png car 637 200 618 185 656 216
00289.png car 485 204 465 190 505 217
00289.png car 663 193 655 184 671 202
00025.png car 577 191 562 182 592 200
00066.png car 586 196 571 185 601 207
00066.png car 645 190 634 182 656 198
00142.png car 299 297 129 220 469 373
00142.png car 492 225 449 194 535 257
00142.png car 627 206 600 187 654 225
00142.png car 575 199 556 184 594 214
00334.png car 317 289 192 211 443 367
00334.png car 545 225 502 191 588 258
00334.png car 641 203 618 187 663 219
00334.png car 606 197 591 184 621 210
00334.png car 673 199 664 189 681 208
00190.png car 177 320 0 268 355 372
00190.png car 458 240 397 199 519 281
00190.png truck 419 210 384 184 453 235
00190.png car 634 207 606 187 662 228
00190.png car 563 202 538 185 587 219
00288.png truck 173 233 32 158 314 307
00288.png car 300 288 176 212 425 364
00288.png car 566 220 528 192 604 248
00288.png car 547 203 522 186 572 220
00288.png car 635 201 616 186 654 216
00288.png car 492 203 472 191 512 215
00288.png car 602 203 587 192 618 214
00288.png car 662 193 655 185 670 202
00326.png car 305 287 172 209 439 365
00326.png car 100 286 0 211 201 361
00326.png car 546 225 502 191 590 259
00326.png car 640 202 618 185 661 219
00326.png car 606 196 593 184 619 208
00326.png car 670 198 660 189 680 207
00118.png car 418 263 321 201 515 325
00118.png car 528 213 495 187 562 238
00118.png car 638 197 617 181 660 214
00118.png car 591 192 573 178 609 206
00208.png car 186 314 0 256 372 372
00208.png car 99 259 0 220 198 298
00208.png car 452 241 395 197 509 286
00208.png car 632 204 608 186 655 221
00208.png car 568 198 548 183 588 213
00208.png car 526 198 512 189 540 207
00208.png car 602 196 589 186 614 206
00298.png car 312 289 190 213 435 366
00298.png car 561 220 521 189 602 251
00298.png car 550 207 519 186 580 229
00298.png car 483 203 458 188 508 219
00298.png car 639 203 620 190 658 217
00298.png car 608 198 596 186 620 209
00298.png car 666 197 658 188 674 206
00129.png car 367 285 240 208 493 362
00129.png car 512 217 474 190 550 243
00129.png car 634 200 610 183 657 218
00129.png car 584 195 564 179 605 211
00279.png car 276 287 145 208 407 366
00279.png truck 447 191 410 162 483 219
00279.png car 565 213 527 186 602 240
00279.png car 544 197 519 180 569 214
00279.png car 629 195 611 181 646 209
00279.png car 601 198 590 189 611 207
00165.png car 224 304 40 240 409 368
00165.png car 154 252 5 216 304 287
00165.png car 485 235 435 199 535 271
00165.png car 629 211 600 191 658 230
00165.png car 573 204 552 188 595 221
00227.png car 188 316 0 258 376 373
00227.png car 471 234 422 197 519 272
00227.png car 621 206 599 190 644 222
00227.png car 576 199 559 187 593 211
00227.png car 520 203 505 191 534 216
00128.png car 370 282 245 207 496 357
00128.png car 514 216 475 188 554 243
00128.png car 633 199 610 182 656 216
00128.png car 586 193 566 179 605 208
00264.png car 358 267 260 205 456 329
00264.png car 577 212 545 190 608 233
00264.png car 550 200 528 184 573 216
00264.png car 624 198 608 187 639 209
00264.png car 645 191 638 183 652 199
00221.png car 192 311 2 254 381 368
00221.png car 325 243 266 213 385 272
00221.png car 467 238 418 203 517 273
00221.png car 624 206 603 191 646 222
00221.png car 576 200 558 187 593 213
00221.png car 601 200 593 191 609 208
00263.png car 362 264 275 204 449 323
00263.png car 578 210 548 189 607 230
00263.png car 428 214 404 196 452 232
00263.png car 550 198 530 182 571 214
00263.png car 624 198 608 188 639 209
00135.png car 337 292 196 212 477 371
00135.png car 503 221 462 192 544 250
00135.png car 629 204 604 186 653 222
00135.png car 579 197 560 183 598 211
00111.png car 457 247 385 199 529 295
00111.png car 541 208 510 186 571 231
00111.png car 639 196 619 181 659 212
00111.png car 594 191 577 178 611 204
00320.png car 312 288 187 208 438 368
00320.png car 548 228 504 194 591 262
00320.png car 380 221 339 196 421 246
00320.png car 640 206 619 190 661 221
00320.png car 605 199 590 187 621 210
00320.png car 670 201 660 193 680 210
00234.png car 189 316 10 261 368 371
00234.png car 470 235 419 200 520 270
00234.png car 439 216 413 197 465 236
00234.png car 618 205 596 189 640 222
00234.png car 576 199 560 186 592 211
00308.png car 318 285 199 209 437 361
00308.png car 282 235 205 199 358 270
00308.png car 555 222 514 189 596 255
00308.png car 640 205 619 190 660 219
00308.png car 607 199 593 187 620 211
00308.png car 667 198 658 190 675 207
00073.png car 530 197 510 185 549 209
00073.png car 574 199 556 186 593 211
00073.png car 645 190 632 180 658 200
00073.png car 616 187 604 178 628 196
00080.png car 281 251 183 201 379 301
00080.png car 558 203 537 187 580 218
00080.png car 642 191 627 179 657 202
00080.png car 586 195 573 183 599 206
00080.png car 610 187 598 178 621 195
00091.png car 531 212 497 187 566 236
00091.png truck 469 199 440 175 498 223
00091.png car 641 194 624 181 658 207
00091.png car 569 196 553 183 586 208
00091.png car 599 187 587 178 612 196
00335.png car 321 286 201 205 440 366
00335.png car 546 224 503 191 589 258
00335.png car 640 203 618 186 663 219
00335.png car 606 197 592 184 620 210
00335.png car 672 199 663 190 681 208
00205.png car 180 319 0 267 361 371
00205.png car 301 243 219 204 383 282
00205.png car 450 242 388 198 512 287
00205.png car 631 205 605 188 657 223
00205.png car 566 200 544 184 588 216
00205.png car 602 195 589 186 615 204
00241.png car 179 317 0 263 358 372
00241.png car 169 279 14 225 323 333
00241.png car 177 259 68 215 285 303
00241.png car 463 240 411 203 514 276
00241.png car 610 210 588 193 633 226
00241.png car 575 201 559 190 592 212
00241.png car 634 202 624 193 645 212
00276.png car 280 287 150 210 409 365
00276.png car 566 213 528 186 603 241
00276.png truck 477 191 450 168 503 214
00276.png car 544 200 518 183 570 217
00276.png car 627 196 609 182 645 210
00276.png car 652 191 645 185 659 197
00132.png car 355 287 223 208 488 366
00132.png car 508 220 470 192 547 247
00132.png car 632 203 608 185 655 221
00132.png car 581 197 562 181 600 212
00078.png car 419 216 372 188 466 244
00078.png car 562 198 541 183 582 213
00078.png car 643 188 628 177 658 198
00078.png car 613 187 600 176 626 199
00078.png car 587 190 575 179 600 200
00154.png car 214 296 0 228 428 363
00154.png car 487 229 438 194 535 264
00154.png car 624 207 596 188 652 227
00154.png car 573 200 551 184 594 216
00223.png car 192 310 0 248 383 373
00223.png car 214 256 125 222 304 290
00223.png car 469 237 419 203 519 272
00223.png car 623 206 602 190 645 222
00223.png car 576 199 559 188 593 211
00223.png car 540 200 528 191 553 209
00149.png car 239 300 30 226 449 374
00149.png car 487 228 442 196 532 261
00149.png car 626 208 599 188 652 228
00149.png car 572 201 551 185 592 216
00149.png car 522 200 508 189 536 212
00149.png car 600 202 590 190 609 213
00027.png car 566 193 548 185 585 201
00239.png car 179 316 0 262 358 371
00239.png car 315 245 245 208 385 283
00239.png car 467 237 416 203 518 270
00239.png car 613 209 589 191 637 226
00239.png car 576 202 561 189 591 214
00239.png car 636 200 627 191 645 209
00239.png car 652 194 647 187 656 201
00126.png car 376 282 256 210 496 355
00126.png car 517 214 477 188 557 241
00126.png car 634 198 610 181 658 214
00126.png car 587 192 568 177 606 208
00248.png car 442 241 384 200 500 283
00248.png car 601 207 577 190 625 224
00248.png car 571 198 554 184 587 212
00248.png car 630 198 617 188 642 208
00065.png car 587 197 572 187 603 207
00065.png car 645 191 633 183 657 199
00029.png car 551 194 530 183 571 205
00081.png car 144 283 4 210 285 355
00081.png car 556 204 534 187 579 220
00081.png car 642 193 627 180 657 205
00081.png car 584 195 570 185 597 206
00081.png car 608 187 596 179 621 196
00173.png car 206 303 2 240 411 366
00173.png car 481 236 427 201 534 271
00173.png car 635 210 605 190 664 231
00173.png car 573 204 549 187 596 221
00173.png car 503 205 483 191 523 218
00315.png car 322 291 200 213 445 368
00315.png car 550 224 507 190 593 258
00315.png car 457 210 424 192 489 229
00315.png car 640 206 618 190 661 223
00315.png car 605 200 591 187 619 213
00315.png car 668 204 658 198 677 210
00097.png car 142 270 1 176 283 364
00097.png car 516 222 474 195 558 250
00097.png car 563 202 544 186 583 218
00097.png car 640 197 623 184 658 210
00097.png car 598 191 583 181 613 202
00177.png car 196 308 0 247 392 369
00177.png car 284 234 191 191 377 278
00177.png car 481 238 429 199 534 277
00177.png car 446 212 417 193 476 232
00177.png car 637 209 608 190 666 229
00177.png car 573 205 548 185 598 224
00246.png car 450 242 394 200 505 283
00246.png car 606 209 581 191 630 226
00246.png car 571 199 556 187 587 210
00246.png car 632 201 623 194 642 208
00246.png car 647 191 642 183 652 199
00325.png car 304 288 173 209 435 366
00325.png car 120 270 0 210 241 329
00325.png car 546 226 503 191 590 260
00325.png car 641 203 618 187 663 219
00325.png car 607 197 591 185 622 209
00325.png car 671 198 661 189 680 207
00172.png car 207 303 4 238 410 368
00172.png car 482 237 430 201 534 273
00172.png truck 443 212 407 190 479 235
00172.png car 634 210 607 189 662 230
00172.png car 571 207 546 188 596 226
00172.png car 510 206 491 191 529 220
00210.png car 190 315 7 261 373 370
00210.png car 453 238 396 198 510 278
00210.png car 630 203 607 187 654 220
00210.png car 569 199 549 183 590 214
00210.png car 512 200 496 189 528 210
00286.png car 296 288 166 210 427 366
00286.png truck 289 205 199 160 378 250
00286.png car 564 217 526 189 603 245
00286.png car 545 203 522 185 568 220
00286.png car 635 199 616 185 655 213
00286.png car 505 199 489 188 520 211
00286.png car 660 193 652 183 668 202
00159.png car 215 299 0 232 430 366
00159.png car 487 232 439 199 534 264
00159.png car 417 219 382 199 452 239
00159.png car 627 208 600 188 655 228
00159.png car 573 200 552 186 593 215
00159.png car 601 200 593 190 609 211
00138.png car 322 292 173 215 472 369
00138.png car 500 223 457 194 544 252
00138.png car 627 205 601 187 654 224
00138.png car 577 197 558 182 596 211
00300.png car 313 289 191 213 436 365
00300.png car 230 251 181 214 280 289
00300.png car 560 223 519 192 600 253
00300.png car 464 208 434 191 494 225
00300.png car 546 204 519 188 572 219
00300.png car 639 204 619 189 659 219
00300.png car 609 199 595 187 623 210
00300.png car 665 197 656 188 674 206
00067.png car 584 196 568 185 600 208
00067.png car 645 189 633 181 656 198
00167.png car 212 305 0 241 424 369
00167.png car 485 236 434 201 536 272
00167.png car 630 211 602 192 658 231
00167.png car 573 206 551 188 596 223
00167.png car 504 202 482 190 526 213
00257.png car 401 254 327 202 475 307
00257.png car 587 208 561 188 613 228
00257.png car 558 196 541 184 575 209
00257.png car 494 201 479 190 509 211
00257.png car 625 198 612 189 638 208
00281.png car 282 287 149 208 414 366
00281.png truck 419 192 375 161 462 222
00281.png car 564 212 526 185 603 240
00281.png car 545 194 519 177 571 212
00281.png car 630 194 612 180 648 208
00281.png car 602 196 592 188 612 203
00103.png car 497 234 443 198 551 270
00103.png car 552 209 529 190 576 228
00103.png car 641 200 622 187 660 214
00103.png car 597 194 582 183 613 205
00040.png car 78 300 1 227 155 374
00324.png car 304 288 176 208 431 368
00324.png car 186 250 79 204 293 297
00324.png car 546 226 501 190 590 261
00324.png car 640 203 619 187 662 219
00324.png car 606 197 592 185 621 209
00324.png car 670 198 660 188 680 208
00184.png car 191 310 1 254 382 366
00184.png car 220 255 122 212 319 298
00184.png car 468 244 413 204 524 285
00184.png car 635 213 607 193 663 234
00184.png car 567 210 542 190 592 229
00184.png truck 503 206 483 187 523 225
00160.png car 216 298 8 231 423 365
00160.png car 486 232 438 197 535 266
00160.png car 402 224 357 201 448 246
00160.png car 627 209 599 190 655 228
00160.png car 573 202 552 186 594 218
00160.png car 539 195 526 185 553 205
00160.png car 601 201 593 191 609 211
00244.png car 456 242 404 203 509 280
00244.png car 606 211 583 194 629 228
00244.png car 574 202 557 189 592 214
00244.png car 633 202 622 192 644 212
00218.png car 200 313 18 256 381 370
00218.png car 466 238 415 202 516 274
00218.png car 407 223 378 202 436 243
00218.png car 626 205 604 189 647 221
00218.png car 574 199 557 187 592 212
00243.png car 171 322 0 273 343 371
00243.png car 458 241 405 203 511 278
00243.png car 609 212 586 195 632 228
00243.png car 574 201 558 190 590 212
00243.png car 633 203 623 194 644 213
00147.png car 258 300 67 229 449 371
00147.png car 489 229 442 196 536 262
00147.png car 626 207 599 189 654 226
00147.png car 574 200 553 185 595 216
00147.png car 531 199 513 189 548 209
00085.png car 547 208 520 188 575 228
00085.png car 576 197 561 184 591 209
00085.png car 641 195 625 183 656 207
00085.png car 605 188 594 180 617 197
00270.png car 310 283 195 210 424 356
00270.png car 149 264 57 219 240 310
00270.png car 568 215 535 188 602 241
00270.png car 541 202 518 184 564 221
00270.png car 622 199 604 187 639 211
00270.png truck 515 187 500 173 531 200
00106.png car 485 239 425 198 546 280
00106.png car 548 207 520 187 575 226
00106.png car 639 198 620 184 659 213
00106.png car 598 193 581 180 615 205
00191.png car 179 318 3 267 355 370
00191.png car 458 240 398 199 517 281
00191.png truck 402 209 356 183 449 235
00191.png car 635 208 608 187 661 228
00191.png car 563 200 539 184 586 216
00112.png car 455 248 378 200 531 296
00112.png car 538 208 507 186 570 230
00112.png car 638 197 617 181 660 213
00112.png car 593 191 577 178 609 204
00287.png car 298 288 172 210 425 366
00287.png truck 243 226 127 164 359 289
00287.png car 565 218 527 190 603 246
00287.png car 546 202 521 186 570 218
00287.png car 635 200 616 185 654 214
00287.png car 501 200 483 189 519 212
00287.png car 660 192 652 183 668 202
00035.png car 452 213 407 189 498 237
00055.png car 599 189 588 181 611 197
00055.png car 646 186 636 179 656 193
00143.png car 287 297 118 224 457 371
00143.png car 490 225 446 194 534 257
00143.png car 627 207 601 188 654 225
00143.png car 577 200 556 184 598 216
00161.png car 215 300 5 233 424 366
00161.png car 486 233 436 199 537 267
00161.png car 378 228 323 203 432 254
00161.png car 628 209 600 191 655 228
00161.png car 574 202 552 186 596 217
00161.png car 436 221 422 204 450 239
00161.png car 536 197 522 188 551 206
00198.png car 170 298 0 227 341 368
00198.png car 449 243 389 198 510 289
00198.png car 633 204 606 185 659 224
00198.png car 563 200 539 181 588 219
00198.png car 480 205 456 190 504 219
00198.png car 600 199 586 187 614 212
00209.png car 183 316 0 261 367 370
00209.png car 453 240 395 199 511 281
00209.png car 629 202 606 186 653 219
00209.png car 569 199 549 183 590 214
00209.png car 520 199 504 189 536 208
00254.png car 415 248 346 202 483 294
00254.png car 591 208 566 190 617 226
00254.png car 564 197 545 185 583 209
00254.png car 626 198 612 189 639 207
00254.png car 518 199 504 190 532 208
00254.png car 645 190 639 183 652 198
00258.png car 395 255 317 203 472 306
00258.png car 586 208 558 189 613 228
00258.png car 556 198 538 184 574 211
00258.png car 485 202 467 191 502 214
00258.png car 624 198 610 189 639 208
00297.png car 313 286 191 207 434 365
00297.png car 562 220 521 188 603 252
00297.png car 548 204 519 187 577 221
00297.png car 492 202 470 188 514 216
00297.png car 638 202 619 186 657 218
00297.png car 666 196 658 187 674 205
00203.png car 182 321 0 271 364 372
00203.png car 449 244 390 200 509 288
00203.png car 368 229 325 199 411 258
00203.png car 631 205 605 187 657 223
00203.png car 566 203 542 185 589 221
00194.png car 173 323 0 274 346 372
00194.png truck 297 235 218 186 377 284
00194.png car 453 242 394 197 513 287
00194.png car 633 206 606 186 661 226
00194.png car 562 203 537 184 586 222
00194.png car 511 201 492 188 530 213
00194.png car 600 200 586 188 614 213
00180.png car 204 298 15 230 392 367
00180.png car 477 240 421 201 534 279
00180.png car 387 226 335 199 439 253
00180.png car 636 210 607 190 665 231
00180.png car 572 207 547 187 596 226
00180.png car 530 195 516 183 544 206
00228.png car 186 315 0 256 373 374
00228.png car 470 235 421 200 519 269
00228.png car 622 205 600 189 643 221
00228.png car 513 205 496 191 529 218
00228.png car 577 200 559 187 594 212
00285.png car 293 284 159 203 427 365
00285.png truck 332 202 262 160 402 245
00285.png car 564 217 525 189 604 245
00285.png car 545 198 520 185 571 212
00285.png car 634 199 615 185 653 213
00285.png car 509 198 494 188 523 209
00285.png car 660 192 652 183 668 201
00247.png car 445 240 389 199 502 280
00247.png car 602 207 578 190 627 224
00247.png car 572 197 555 185 588 209
00247.png car 631 198 619 189 643 208
00247.png car 647 190 640 183 653 198
00170.png car 210 303 3 237 416 369
00170.png car 485 238 435 200 535 276
00170.png car 634 210 606 190 662 231
00170.png car 573 206 550 187 596 225
00170.png car 523 207 508 193 539 222
00170.png car 470 199 452 192 487 205
00307.png car 321 284 203 209 439 359
00307.png car 556 223 514 190 598 255
00307.png car 640 203 619 187 660 219
00307.png car 607 199 593 186 620 211
00307.png car 666 199 657 191 675 207
00255.png car 411 253 341 203 481 302
00255.png car 590 209 563 190 617 227
00255.png car 562 199 543 185 581 212
00255.png car 626 199 612 189 639 208
00255.png car 509 200 497 191 521 209
00255.png car 645 190 638 183 652 197
00197.png car 170 320 2 271 338 369
00197.png car 112 243 1 186 223 299
00197.png car 449 242 389 197 509 287
00197.png car 634 205 609 187 659 223
00197.png car 563 200 538 182 588 218
00197.png car 491 205 471 188 512 221
00197.png car 599 200 586 188 613 212
00215.png car 191 313 2 254 380 372
00215.png car 460 240 407 201 513 279
00215.png car 627 205 605 189 649 222
00215.png car 575 200 555 188 594 213
00267.png car 333 278 231 210 435 345
00267.png car 571 214 538 190 604 238
00267.png car 547 202 525 186 568 217
00267.png car 624 199 609 187 638 211
00061.png car 593 192 578 183 608 202
00061.png car 646 188 635 180 656 195
00124.png car 385 280 267 207 502 353
00124.png car 520 213 483 187 558 239
00124.png car 634 198 610 181 658 215
00124.png car 588 192 570 178 607 206
00293.png car 307 287 187 210 426 364
00293.png car 564 220 524 191 604 249
00293.png car 554 206 521 186 587 226
00293.png car 441 213 413 195 468 231
00293.png car 638 202 619 187 656 216
00136.png car 330 292 189 213 471 371
00136.png car 502 221 462 192 543 250
00136.png car 629 205 604 186 654 223
00136.png car 579 198 559 182 598 214
00058.png car 597 187 584 178 610 196
00058.png car 646 183 636 175 656 190
00283.png car 285 287 153 210 418 365
00283.png truck 380 198 319 161 441 235
00283.png car 564 214 525 184 602 244
00283.png car 541 198 520 182 562 215
00283.png car 632 196 613 182 652 210
00283.png car 657 190 649 184 665 196
00212.png car 191 315 3 261 378 368
00212.png car 456 239 401 199 511 279
00212.png car 627 203 605 188 649 219
00212.png car 573 199 552 185 594 213
00212.png car 500 205 485 192 516 217
00310.png car 326 285 209 209 444 362
00310.png car 152 260 45 208 259 312
00310.png car 554 223 512 191 596 255
00310.png car 639 206 619 192 659 221
00310.png car 499 202 481 189 517 215
00310.png car 608 200 593 188 622 212
00196.png car 174 324 2 275 346 374
00196.png car 156 284 11 232 301 337
00196.png car 162 244 28 189 296 299
00196.png car 452 244 390 199 514 290
00196.png car 632 205 606 187 659 224
00196.png car 563 202 538 183 588 221
00196.png car 499 206 479 188 518 223
00094.png truck 383 216 324 176 441 255
00094.png car 526 217 487 191 566 244
00094.png car 567 201 550 186 584 215
00094.png car 640 197 622 185 658 209
00094.png car 600 191 586 181 615 200
00232.png car 191 314 10 259 371 368
00232.png car 469 234 420 196 519 271
00232.png car 619 205 597 189 641 221
00232.png car 577 198 561 187 593 210
00222.png car 192 305 1 245 382 364
00222.png car 275 249 199 216 350 282
00222.png car 469 238 418 203 520 273
00222.png car 624 206 603 190 645 222
00222.png car 575 201 558 188 593 213
00222.png car 544 201 531 192 557 210
00222.png parking_meter 291 273 282 260 300 286
00222.png car 600 200 592 191 607 209
00134.png car 344 290 206 209 483 372
00134.png car 506 220 466 192 546 247
00134.png car 629 204 604 186 655 222
00134.png car 580 197 561 181 599 212
00249.png car 439 242 379 199 500 284
00249.png car 600 206 575 189 624 223
00249.png car 568 195 551 183 585 206
00249.png car 630 197 617 188 642 206
00200.png car 173 321 0 274 347 368
00200.png car 450 241 389 195 511 287
00200.png car 631 205 605 186 657 223
00200.png car 563 202 540 183 587 220
00151.png car 221 296 0 222 443 371
00151.png car 486 229 441 194 531 265
00151.png car 624 207 596 188 651 227
00151.png car 573 200 552 185 595 214
00064.png car 588 197 573 187 603 206
00260.png car 384 254 304 201 465 307
00260.png car 582 208 554 186 610 231
00260.png car 553 196 535 181 572 211
00260.png car 466 204 445 191 486 218
00260.png car 624 197 611 188 638 206
00220.png car 208 313 32 257 385 369
00220.png car 469 238 417 203 520 272
00220.png car 357 235 310 209 404 262
00220.png car 624 206 604 190 645 223
00220.png car 575 200 558 188 593 213
00164.png car 213 301 1 235 424 368
00164.png car 291 307 175 248 407 367
00164.png car 273 242 191 212 354 272
00164.png car 486 237 434 201 537 273
00164.png car 628 211 600 191 656 230
00164.png car 574 204 554 188 593 220
00164.png car 524 203 505 187 543 218
00164.png car 603 203 594 193 611 213
00312.png car 325 286 209 210 442 362
00312.png car 69 284 1 219 138 350
00312.png car 552 224 509 191 594 257
00312.png car 488 204 462 190 513 218
00312.png car 639 205 619 190 659 220
00312.png car 607 200 594 188 621 212
00312.png car 667 203 658 196 676 209
00181.png car 209 306 24 243 394 369
00181.png car 475 240 419 201 532 279
00181.png car 361 233 298 200 423 266
00181.png car 636 210 607 189 665 232
00181.png car 569 206 545 187 594 225
00181.png car 524 196 509 182 540 211
00181.png car 603 202 591 191 615 212
00189.png car 181 319 1 266 361 372
00189.png car 462 243 403 198 520 287
00189.png car 634 208 608 187 661 229
00189.png car 563 202 539 186 588 217
00123.png car 390 278 280 207 500 349
00123.png car 521 214 486 188 557 239
00123.png car 636 198 614 182 659 214
00123.png car 590 193 570 178 609 207
00123.png car 555 196 540 187 569 205
00305.png car 323 284 205 207 441 362
00305.png car 555 221 515 188 596 253
00305.png car 639 203 618 187 660 219
00305.png car 607 198 594 186 619 211
00305.png car 666 198 657 190 675 207
00304.png car 318 288 200 211 437 365
00304.png car 557 221 516 189 597 254
00304.png car 412 215 380 192 444 237
00304.png car 638 204 618 189 659 219
00304.png car 607 199 593 186 621 211
00304.png car 666 197 657 188 675 207
00060.png car 593 191 581 182 606 200
00141.png car 304 295 138 217 469 373
00141.png car 494 225 450 194 537 256
00141.png car 626 206 600 188 652 225
00141.png car 577 200 557 184 597 216
00261.png car 378 258 297 202 459 314
00261.png car 582 209 553 189 611 229
00261.png car 552 199 533 182 572 215
00261.png car 455 207 433 193 476 221
00261.png car 624 198 610 189 638 207
00317.png car 319 292 194 216 443 368
00317.png car 549 225 506 191 593 260
00317.png car 430 216 392 194 468 237
00317.png car 640 207 619 191 661 222
00317.png car 606 201 591 189 622 213
00121.png car 403 274 293 201 513 346
00121.png car 524 213 488 188 560 239
00121.png car 638 199 615 183 661 215
00121.png car 589 192 571 178 608 206
00121.png car 557 195 543 187 571 204
00336.png car 326 285 207 206 445 365
00336.png car 546 224 502 190 590 257
00336.png car 640 202 619 187 661 218
00336.png car 608 196 591 184 624 209
00336.png car 671 199 661 190 682 208
00076.png car 481 205 449 187 512 224
00076.png car 567 200 547 186 586 214
00076.png car 644 189 630 178 658 200
00076.png car 592 193 581 183 603 203
00076.png car 614 186 603 178 624 194
00193.png car 172 320 0 272 345 367
00193.png car 454 242 395 197 513 287
00193.png truck 343 222 280 186 406 258
00193.png car 633 208 605 189 661 226
00193.png car 562 203 537 184 587 222
00193.png car 519 200 502 187 536 212
00292.png car 305 288 184 213 426 364
00292.png car 563 220 524 191 602 250
00292.png car 551 206 521 186 580 226
00292.png car 455 211 429 193 481 229
00292.png car 637 201 618 186 657 216
00273.png car 288 291 161 213 415 368
00273.png car 566 215 530 188 602 242
00273.png truck 499 191 477 171 520 211
00273.png car 541 201 518 184 563 219
00273.png car 623 199 605 187 641 210
00273.png car 650 192 643 186 656 198
00299.png car 316 289 196 212 437 365
00299.png car 560 222 520 191 601 252
00299.png car 547 203 520 188 574 219
00299.png car 472 206 447 190 498 222
00299.png car 639 204 619 190 659 218
00299.png car 584 202 572 190 597 214
00299.png car 609 198 597 186 620 210
00299.png car 665 198 657 190 673 206
00153.png car 221 298 3 227 438 369
00153.png car 487 228 441 192 533 263
00153.png car 624 207 597 187 652 227
00153.png car 572 199 551 184 593 214
00153.png car 599 198 591 188 607 207
00084.png car 549 208 523 189 575 227
00084.png car 642 195 626 183 657 207
00084.png car 580 197 565 185 594 209
00084.png car 606 188 595 180 617 196
00071.png car 577 198 560 186 593 210
00071.png car 645 189 632 180 657 199
00071.png car 547 194 533 186 560 202
00071.png car 616 186 606 178 627 194
00030.png car 542 196 518 184 565 208
00105.png car 488 237 430 199 545 276
00105.png car 548 209 522 189 574 229
00105.png car 640 200 620 186 660 214
00105.png car 597 194 581 182 613 205
00185.png car 193 316 11 264 375 368
00185.png car 148 285 4 228 292 342
00185.png car 468 245 413 203 522 287
00185.png car 635 214 608 194 663 234
00185.png car 566 209 541 190 591 228
00185.png car 494 207 472 189 517 226
00185.png person 913 221 908 211 917 231
00130.png car 361 286 232 206 489 367
00130.png car 511 218 471 191 551 245
00130.png car 633 202 609 185 657 219
00130.png car 584 197 564 181 603 212
00127.png car 373 282 249 209 497 356
00127.png car 515 215 476 188 554 242
00127.png car 634 198 611 182 656 213
00127.png car 586 193 568 178 605 208
00038.png car 279 253 174 203 384 302
00214.png car 193 314 5 260 382 368
00214.png car 460 241 406 198 514 283
00214.png car 627 207 604 190 650 223
00214.png car 573 201 554 188 591 213
00204.png car 176 319 0 268 353 371
00204.png car 450 243 388 198 513 288
00204.png car 344 237 281 200 407 274
00204.png car 631 205 606 187 656 222
00204.png car 567 203 544 185 590 221
00090.png car 535 211 501 189 569 233
00090.png car 641 193 625 180 657 206
00090.png car 571 197 555 184 586 211
00090.png car 600 188 588 179 612 197
00155.png car 217 297 1 225 433 369
00155.png car 486 230 440 194 532 265
00155.png car 625 207 597 188 654 226
00155.png car 572 200 551 186 593 215
00155.png car 599 199 590 189 607 210
00086.png car 544 204 517 179 571 229
00086.png car 577 198 562 184 592 211
00086.png car 641 196 625 183 656 208
00086.png car 604 188 593 180 615 196
00178.png car 192 267 4 203 379 332
00178.png car 222 308 52 249 393 367
00178.png car 480 237 427 199 533 275
00178.png car 429 217 395 195 462 238
00178.png car 636 209 606 188 665 231
00178.png car 573 203 548 185 597 221
00178.png car 605 201 594 191 615 211
00162.png car 216 304 12 237 421 370
00162.png car 353 236 289 205 416 267
00162.png car 487 236 437 201 537 271
00162.png car 628 210 600 190 655 230
00162.png car 574 203 552 187 596 219
00162.png car 532 201 512 188 551 213
00034.png car 480 207 441 186 518 228
00119.png car 406 267 312 202 500 332
00119.png car 528 213 493 188 563 237
00119.png car 638 198 616 182 661 214
00119.png car 591 193 572 178 609 207
00119.png car 558 196 546 187 570 204
00314.png car 326 289 206 212 447 366
00314.png car 551 224 507 190 594 258
00314.png car 469 209 439 192 499 226
00314.png car 639 206 618 191 659 221
00314.png car 607 200 594 188 621 212
00074.png car 517 199 495 185 538 213
00074.png car 573 199 553 187 592 212
00074.png car 645 190 631 180 659 201
00074.png car 615 187 604 178 626 195
00176.png car 204 304 10 240 399 368
00176.png car 481 237 430 198 532 276
00176.png car 636 209 607 189 666 230
00176.png car 573 207 548 187 598 227
00176.png car 604 201 592 191 616 210
00282.png car 284 287 150 209 417 365
00282.png truck 402 192 355 160 450 225
00282.png car 565 213 527 186 604 241
00282.png car 545 195 519 178 572 213
00282.png car 631 193 613 178 650 208
00137.png car 326 292 176 213 475 372
00137.png car 502 223 459 194 545 252
00137.png car 629 205 604 187 654 223
00137.png car 578 198 558 183 598 213
00137.png car 540 202 522 191 559 212
00179.png car 226 304 60 243 393 365
00179.png car 137 265 2 199 273 331
00179.png car 475 239 421 202 529 276
00179.png car 409 220 372 198 447 243
00179.png car 636 210 607 189 665 230
00179.png car 571 206 547 187 594 225
00179.png car 535 197 523 183 548 210
00179.png car 605 201 591 191 618 211
00179.png person 881 214 877 206 885 222
00122.png car 390 276 285 207 495 345
00122.png car 522 214 487 188 557 240
00122.png car 637 199 614 183 660 214
00122.png car 590 193 571 178 608 207
00122.png car 556 196 541 187 571 205
00330.png car 305 289 175 210 434 368
00330.png car 545 226 502 191 589 261
00330.png car 641 203 619 186 662 220
00330.png car 607 197 591 184 622 210
00330.png car 672 199 662 190 681 208
00330.png person 1067 228 1062 215 1072 241
00211.png car 190 315 7 260 373 369
00211.png car 457 239 399 198 516 279
00211.png car 630 202 607 186 652 218
00211.png car 570 198 550 183 590 212
00211.png car 505 201 488 189 523 213
00169.png car 210 308 4 244 415 372
00169.png car 484 234 433 191 535 277
00169.png car 633 211 605 190 661 232
00169.png car 573 206 551 188 596 223
00169.png car 528 203 513 191 542 216
00057.png car 597 186 584 177 610 195
00057.png car 646 183 637 176 656 190
00302.png car 316 290 195 214 437 366
00302.png car 113 275 0 220 227 331
00302.png car 559 221 518 189 600 254
00302.png car 435 211 402 191 469 230
00302.png car 639 204 619 189 658 218
00302.png car 608 198 595 186 621 211
00302.png truck 665 194 656 183 674 206
00302.png car 665 197 656 187 674 206
00113.png car 450 252 368 201 532 303
00113.png car 536 209 506 186 567 231
00113.png car 639 197 618 181 660 213
00113.png car 592 191 576 178 609 203
00089.png car 537 210 505 188 569 232
00089.png car 505 193 480 177 529 209
00089.png car 641 195 623 183 659 207
00089.png car 573 196 557 184 588 208
00089.png car 602 188 590 179 614 197
00338.png car 337 286 223 210 451 361
00338.png car 548 226 504 193 591 259
00338.png car 640 205 618 190 662 220
00338.png car 607 198 591 186 622 210
00230.png car 186 315 3 262 370 369
00230.png car 470 236 421 200 519 271
00230.png car 620 206 598 190 642 221
00230.png car 577 198 560 187 593 210
00062.png car 591 195 577 185 605 204
00062.png car 647 190 636 182 657 197
00056.png car 599 187 586 179 611 195
00056.png car 646 183 636 176 656 191
00183.png car 195 311 5 253 384 368
00183.png car 271 248 176 210 365 286
00183.png car 471 245 414 203 527 286
00183.png car 636 214 606 193 666 235
00183.png car 568 209 543 190 592 228
00063.png car 590 196 576 186 604 206
00063.png car 646 191 635 183 656 198
00087.png car 542 210 514 188 570 232
00087.png car 527 192 509 177 545 207
00087.png car 576 199 561 186 591 211
00087.png car 641 197 625 185 657 208
00087.png car 604 189 591 181 616 198
00253.png car 420 245 355 202 486 288
00253.png car 593 208 566 189 619 227
00253.png car 565 197 546 184 584 210
00253.png car 627 197 613 187 640 207
00253.png car 523 199 512 191 534 206
00253.png car 646 190 640 183 652 197
00327.png car 304 287 170 208 439 365
00327.png car 67 284 3 222 130 346
00327.png car 546 225 502 191 589 259
00327.png car 640 202 618 187 662 218
00327.png car 570 201 549 188 591 213
00327.png car 607 197 593 185 620 209
00327.png car 670 198 661 188 680 207
00098.png truck 60 271 3 172 116 369
00098.png car 514 224 470 195 558 253
00098.png car 560 204 540 187 581 220
00098.png car 640 198 621 185 658 211
00098.png car 599 192 584 181 614 203
00171.png car 207 304 3 238 411 369
00171.png car 484 237 432 202 535 273
00171.png car 452 210 420 191 484 230
00171.png car 633 210 605 189 661 231
00171.png car 573 206 549 187 596 225
00171.png car 519 207 502 191 536 223
00152.png car 225 294 13 223 437 365
00152.png car 487 228 441 192 533 263
00152.png car 625 207 598 187 652 227
00152.png car 572 199 551 184 593 214
00152.png car 599 198 591 188 607 207
00104.png car 490 236 432 200 549 272
00104.png car 550 209 525 190 576 229
00104.png car 640 201 621 186 660 215
00104.png car 597 194 581 183 613 206
00033.png car 500 202 467 185 534 219
00166.png car 208 303 2 237 415 368
00166.png car 485 237 434 202 535 272
00166.png car 631 210 604 191 657 229
00166.png car 574 206 552 189 596 223
