00216.png truck 471 189 443 170 500 209
00216.png traffic_light 1090 137 1082 125 1098 149
00216.png stop_sign 312 135 303 127 321 144
00216.png car 707 192 698 184 716 199
00233.png truck 922 174 873 138 971 210
00233.png stop_sign 747 104 737 93 756 114
00236.png truck 1071 170 1007 126 1136 214
00125.png car 1167 239 1096 157 1239 322
00125.png traffic_light 984 77 956 22 1012 132
00125.png traffic_light 430 41 409 0 452 82
00125.png truck 674 181 646 157 702 206
00125.png car 784 200 754 183 813 218
00125.png traffic_light 387 31 369 7 405 56
00125.png car 846 196 817 184 876 209
00125.png car 690 200 670 185 710 215
00125.png stop_sign 152 123 144 112 159 134
00117.png traffic_light 986 75 957 19 1015 131
00117.png car 856 211 808 186 904 237
00117.png traffic_light 431 42 409 1 453 82
00117.png truck 688 188 660 162 716 213
00117.png car 727 209 696 187 757 231
00117.png truck 695 174 666 153 725 196
00117.png traffic_light 387 32 369 7 406 57
00117.png car 685 195 660 177 710 214
00117.png stop_sign 151 123 144 112 158 134
00117.png stop_sign 355 133 348 126 361 139
00245.png truck 105 194 41 166 169 222
00245.png traffic_light 190 99 174 68 207 130
00245.png traffic_light 903 96 891 71 915 121
00168.png traffic_light 985 76 956 21 1015 131
00168.png traffic_light 431 41 410 0 453 82
00168.png traffic_light 383 31 369 8 398 54
00168.png car 801 195 775 183 827 207
00168.png truck 694 186 680 173 707 198
00168.png stop_sign 151 123 143 112 158 134
00182.png traffic_light 985 76 954 17 1015 134
00182.png traffic_light 428 42 405 0 452 84
00182.png traffic_light 381 32 365 7 397 58
00082.png truck 1018 163 857 58 1180 267
00082.png car 829 237 748 188 911 287
00082.png traffic_light 429 42 406 0 453 84
00082.png car 697 208 671 188 723 227
00082.png traffic_light 383 31 366 6 400 56
00082.png car 754 197 730 182 777 211
00082.png stop_sign 353 133 347 127 360 139
00079.png truck 1072 159 904 21 1239 298
00079.png car 902 256 782 191 1021 322
00079.png traffic_light 429 42 406 0 452 84
00079.png car 713 212 681 190 744 234
00079.png traffic_light 384 31 366 5 402 56
00079.png car 773 199 746 183 799 215
00079.png car 655 191 644 182 665 200
00079.png stop_sign 151 124 143 112 158 135
00079.png stop_sign 354 133 347 126 360 140
00226.png truck 679 181 646 155 712 208
00226.png stop_sign 252 114 241 100 263 128
00226.png stop_sign 530 121 522 113 537 129
00039.png car 1114 303 988 234 1241 371
00039.png traffic_light 985 75 956 21 1015 130
00039.png traffic_light 431 42 410 1 453 82
00039.png traffic_light 388 32 370 7 407 56
00039.png car 695 187 679 177 711 197
00039.png stop_sign 151 123 143 111 158 134
00068.png car 826 250 752 203 901 297
00068.png traffic_light 984 76 955 21 1014 131
00068.png car 902 215 851 186 952 244
00068.png traffic_light 429 42 406 0 453 84
00068.png traffic_light 384 31 367 6 401 56
00068.png car 775 199 753 184 798 213
00068.png car 681 198 663 185 699 212
00206.png stop_sign 1005 65 969 5 1041 124
00206.png car 660 195 648 186 672 203
00052.png car 974 227 905 192 1043 262
00052.png traffic_light 984 77 956 22 1013 132
00052.png car 783 226 737 194 829 258
00052.png traffic_light 430 41 408 0 452 83
00052.png traffic_light 386 32 368 6 405 58
00052.png stop_sign 151 124 143 112 159 135
00052.png stop_sign 354 133 347 127 360 139
00114.png car 899 217 839 187 959 247
00114.png traffic_light 986 76 956 20 1015 132
00114.png car 749 216 710 189 788 243
00114.png traffic_light 430 41 408 0 452 83
00114.png truck 699 190 668 164 730 216
00114.png traffic_light 384 31 369 7 400 56
00114.png car 846 196 819 184 873 208
00114.png car 646 189 634 179 659 199
00114.png stop_sign 152 123 144 112 159 134
00096.png car 878 244 774 176 982 313
00096.png truck 796 172 736 127 856 217
00096.png traffic_light 983 77 956 22 1011 132
00096.png traffic_light 429 42 405 0 453 84
00096.png car 700 202 671 183 728 220
00096.png traffic_light 383 31 366 6 400 56
00096.png car 657 195 642 184 673 205
00096.png stop_sign 151 123 143 112 158 134
00186.png traffic_light 423 41 400 0 446 82
00186.png traffic_light 380 33 358 3 403 63
00186.png car 731 193 714 183 749 203
00186.png stop_sign 146 126 139 115 154 136
00186.png stop_sign 352 136 346 129 359 142
00156.png traffic_light 986 75 957 19 1015 131
00156.png traffic_light 430 41 409 0 452 82
00156.png traffic_light 387 32 368 7 405 57
00156.png car 836 196 806 183 866 208
00156.png truck 728 189 709 171 747 206
00156.png stop_sign 151 123 143 111 158 134
00100.png car 1076 298 912 223 1240 374
00100.png truck 801 219 731 168 870 269
00100.png car 802 225 735 177 869 273
00100.png truck 766 173 714 135 818 211
00100.png traffic_light 985 75 956 20 1015 131
00100.png traffic_light 430 42 406 0 453 83
00100.png car 903 198 868 185 937 212
00100.png traffic_light 383 31 367 6 399 56
00100.png car 682 198 659 182 705 213
00100.png car 650 193 638 184 661 202
00100.png stop_sign 151 123 143 112 158 134
00015.png traffic_light 985 75 955 18 1015 133
00015.png traffic_light 431 42 409 1 453 83
00015.png car 967 198 926 182 1008 214
00015.png traffic_light 387 31 368 6 406 57
00015.png stop_sign 354 133 348 127 360 139
00032.png traffic_light 985 75 956 20 1015 131
00032.png traffic_light 431 41 410 0 452 82
00032.png traffic_light 389 31 370 7 408 56
00032.png car 728 189 706 178 749 201
00101.png car 1060 296 880 219 1241 373
00101.png truck 784 201 718 145 849 258
00101.png truck 759 174 708 138 811 211
00101.png traffic_light 985 75 956 20 1015 130
00101.png traffic_light 430 42 406 0 453 84
00101.png car 1228 300 1216 260 1241 341
00101.png car 895 199 863 185 926 212
00101.png traffic_light 382 31 367 7 398 56
00101.png car 678 196 657 181 699 211
00101.png car 648 192 637 183 659 201
00101.png stop_sign 151 123 144 112 158 134
00019.png traffic_light 985 76 955 20 1014 132
00019.png traffic_light 431 42 409 0 452 83
00019.png car 878 195 840 179 916 212
00019.png traffic_light 388 31 368 6 408 57
00019.png stop_sign 354 133 347 127 361 139
00139.png traffic_light 986 76 956 20 1015 131
00139.png truck 846 202 801 167 892 237
00139.png traffic_light 430 41 409 0 452 82
00139.png traffic_light 385 31 368 6 401 55
00139.png truck 657 178 643 160 672 197
00139.png car 716 192 699 180 734 203
00139.png stop_sign 151 123 143 112 158 134
00131.png truck 1004 219 908 159 1100 279
00131.png traffic_light 985 76 957 22 1013 130
00131.png traffic_light 430 41 409 0 452 82
00131.png car 846 196 817 183 875 209
00131.png truck 666 174 646 157 686 191
00131.png traffic_light 383 31 369 8 398 54
00131.png car 749 196 727 181 771 210
00131.png car 672 197 656 187 689 208
00131.png car 652 187 639 176 665 198
00131.png stop_sign 151 123 144 112 159 135
00237.png truck 1131 171 1059 124 1202 218
00237.png car 1124 178 1059 140 1188 216
00237.png stop_sign 569 94 556 78 583 111
00237.png traffic_light 53 110 42 97 64 123
00146.png traffic_light 985 75 956 21 1015 130
00146.png traffic_light 431 41 409 0 453 82
00146.png truck 781 195 752 169 809 220
00146.png traffic_light 385 31 368 6 402 56
00146.png car 846 196 816 183 875 209
00146.png car 698 189 685 180 711 198
00146.png stop_sign 151 123 143 111 158 134
00140.png traffic_light 986 75 957 20 1015 131
00140.png truck 835 200 791 167 878 234
00140.png traffic_light 430 41 408 0 452 82
00140.png traffic_light 385 31 368 6 401 56
00140.png car 715 192 698 182 731 202
00140.png car 656 191 644 182 667 200
00140.png stop_sign 151 123 143 112 158 134
00069.png car 1201 270 1162 187 1240 352
00069.png car 810 245 743 200 877 289
00069.png traffic_light 985 76 956 21 1014 131
00069.png car 885 214 840 187 929 241
00069.png traffic_light 428 42 405 1 452 83
00069.png traffic_light 382 31 366 6 399 56
00069.png car 768 198 746 181 790 215
00069.png car 679 198 662 185 696 210
00054.png car 935 221 879 188 991 253
00054.png traffic_light 985 78 956 22 1013 133
00054.png car 762 220 721 192 802 248
00054.png car 1215 287 1189 246 1240 328
00054.png traffic_light 431 41 409 0 452 82
00054.png traffic_light 387 32 367 6 407 59
00054.png stop_sign 354 133 347 126 360 139
00265.png truck 156 192 47 149 264 234
00051.png car 997 230 925 192 1069 269
00051.png car 796 229 747 195 846 264
00051.png traffic_light 985 75 955 17 1015 133
00051.png traffic_light 430 41 409 0 452 82
00051.png traffic_light 386 32 368 6 405 58
00051.png stop_sign 354 133 347 126 360 139
00266.png truck 139 188 21 142 256 234
00148.png traffic_light 986 75 956 20 1015 130
00148.png traffic_light 430 41 409 0 452 82
00148.png truck 767 192 740 170 795 215
00148.png traffic_light 386 31 368 5 405 57
00148.png car 845 196 815 183 874 209
00148.png car 692 189 681 182 704 197
00109.png car 1010 234 911 193 1108 275
00109.png car 804 233 747 196 862 270
00109.png traffic_light 986 76 956 21 1015 131
00109.png truck 721 196 686 163 756 228
00109.png traffic_light 431 42 407 0 454 83
00109.png truck 723 171 688 146 758 196
00109.png car 862 198 833 185 892 212
00109.png traffic_light 383 32 368 8 397 56
00109.png car 657 191 642 179 671 202
00109.png stop_sign 151 123 144 112 158 134
00199.png traffic_light 287 25 235 0 339 49
00251.png truck 243 197 184 168 302 226
00251.png traffic_light 84 47 52 0 117 94
00095.png car 907 250 788 174 1026 326
00095.png truck 803 172 740 125 865 220
00095.png traffic_light 985 76 955 20 1014 132
00095.png traffic_light 429 42 405 0 452 84
00095.png car 704 202 675 181 733 223
00095.png traffic_light 383 31 367 6 400 56
00095.png car 659 195 643 184 674 206
00095.png stop_sign 152 123 144 112 159 135
00240.png traffic_light 113 101 99 86 127 116
00259.png truck 239 192 163 158 316 227
00259.png traffic_light 179 65 158 20 199 109
00259.png traffic_light 1079 84 1065 51 1093 116
00107.png car 1079 243 957 192 1201 294
00107.png car 837 245 769 198 906 292
00107.png traffic_light 985 76 955 21 1015 131
00107.png truck 731 198 692 162 771 233
00107.png car 733 208 694 179 773 237
00107.png truck 729 174 691 146 768 203
00107.png traffic_light 431 42 407 0 454 83
00107.png car 870 198 841 186 899 210
00107.png traffic_light 383 32 368 8 397 56
00107.png car 661 191 645 179 677 203
00107.png stop_sign 151 123 143 112 158 134
00008.png traffic_light 983 77 955 22 1011 132
00008.png car 1158 204 1092 183 1225 225
00008.png traffic_light 431 42 407 0 454 84
00008.png traffic_light 382 31 366 7 398 55
00008.png stop_sign 151 123 143 113 158 134
00008.png stop_sign 353 133 347 127 360 139
00005.png car 118 267 4 200 232 333
00005.png traffic_light 985 76 956 20 1014 131
00005.png traffic_light 430 42 407 0 454 83
00005.png traffic_light 382 31 367 7 398 55
00005.png car 1214 211 1191 197 1237 225
00005.png stop_sign 354 133 347 127 360 139
00133.png truck 949 213 870 162 1029 263
00133.png traffic_light 430 41 409 0 452 82
00133.png car 846 196 817 183 876 209
00133.png traffic_light 383 31 368 9 398 54
00133.png car 738 195 718 182 759 208
00133.png truck 665 174 648 159 682 190
00133.png car 668 195 653 184 682 206
00133.png car 649 187 637 176 660 199
00133.png stop_sign 151 123 143 112 158 134
00031.png traffic_light 985 75 955 18 1016 132
00031.png traffic_light 431 41 410 1 452 82
00031.png traffic_light 389 31 370 7 409 56
00031.png car 736 189 713 177 759 202
00031.png stop_sign 151 123 144 111 158 134
00031.png stop_sign 354 132 347 126 361 138
00000.png car 415 239 302 194 528 284
00000.png traffic_light 985 75 955 17 1015 133
00000.png traffic_light 430 42 406 0 454 83
00000.png traffic_light 384 31 367 6 400 56
00000.png stop_sign 354 133 347 127 360 139
00157.png traffic_light 985 76 955 20 1015 131
00157.png traffic_light 430 41 409 0 451 82
00157.png traffic_light 387 31 369 6 406 57
00157.png car 835 196 807 184 863 208
00157.png truck 724 188 706 172 743 205
00028.png traffic_light 985 75 956 20 1015 131
00028.png traffic_light 432 42 410 1 453 82
00028.png traffic_light 388 32 370 7 407 56
00028.png car 760 190 732 178 788 203
00028.png stop_sign 354 133 347 126 361 139
00195.png traffic_light 987 83 955 24 1018 141
00195.png traffic_light 372 35 346 0 397 70
00195.png car 698 199 685 190 711 208
00072.png truck 1133 143 1026 14 1241 272
00072.png car 1109 296 978 218 1241 374
00072.png car 769 230 719 193 820 266
00072.png traffic_light 985 75 955 18 1014 132
00072.png traffic_light 429 42 405 1 453 83
00072.png car 842 209 805 186 880 231
00072.png traffic_light 381 31 366 7 397 55
00072.png car 751 193 730 182 772 205
00072.png car 669 194 655 182 684 206
00072.png person 741 193 731 178 751 208
00072.png stop_sign 354 133 347 127 360 139
00036.png traffic_light 985 76 955 23 1014 130
00036.png traffic_light 431 42 410 1 452 82
00036.png traffic_light 389 32 370 7 407 56
00036.png car 707 188 689 178 724 198
00036.png stop_sign 151 123 144 112 158 134
00225.png truck 653 181 619 155 686 206
00225.png stop_sign 223 114 211 99 234 129
00225.png stop_sign 501 121 493 114 508 129
00250.png truck 226 199 163 170 289 228
00250.png traffic_light 131 64 106 21 156 108
00250.png traffic_light 89 55 73 31 105 79
00001.png car 361 244 241 192 481 295
00001.png traffic_light 985 76 956 20 1014 132
00001.png traffic_light 429 42 406 0 453 83
00001.png traffic_light 385 31 368 5 403 56
00163.png traffic_light 985 75 955 18 1016 133
00163.png traffic_light 431 41 410 0 451 82
00163.png traffic_light 384 31 369 8 399 54
00163.png car 819 196 791 184 846 207
00163.png car 705 187 690 172 720 201
00163.png stop_sign 151 123 143 111 158 134
00011.png traffic_light 985 76 956 20 1014 131
00011.png car 1064 202 1008 182 1120 222
00011.png traffic_light 431 42 407 0 454 83
00011.png traffic_light 383 31 367 7 399 55
00011.png stop_sign 354 133 347 127 360 139
00213.png traffic_light 1197 135 1187 120 1206 149
00213.png car 675 193 665 186 685 201
00213.png stop_sign 284 135 275 127 292 143
00046.png car 1143 256 1049 199 1236 314
00046.png car 882 255 800 204 964 307
00046.png traffic_light 985 75 955 18 1015 133
00046.png traffic_light 431 41 409 0 452 82
00046.png traffic_light 388 32 369 7 406 57
00046.png car 677 186 665 177 688 194
00046.png stop_sign 354 133 347 127 360 139
00224.png truck 626 180 594 156 658 205
00224.png stop_sign 475 122 467 114 483 130
00235.png truck 1019 170 961 130 1077 211
00235.png car 1014 177 960 141 1068 213
00229.png truck 772 183 733 153 811 212
00120.png traffic_light 985 76 955 21 1015 131
00120.png traffic_light 430 41 409 0 451 82
00120.png car 822 206 784 185 860 228
00120.png traffic_light 388 32 369 7 406 58
00120.png car 710 205 684 187 735 223
00120.png truck 690 171 664 154 715 188
00120.png car 676 194 654 177 698 211
00120.png car 861 197 846 184 875 209
00120.png stop_sign 151 123 144 112 159 134
00120.png stop_sign 355 132 348 126 361 139
00217.png truck 483 189 454 168 511 209
00217.png traffic_light 1125 135 1117 122 1132 148
00217.png car 721 191 712 183 730 198
00217.png stop_sign 325 134 317 126 333 142
00219.png truck 517 187 486 166 548 208
00219.png traffic_light 1215 126 1205 111 1226 140
00219.png car 760 187 751 179 770 195
00219.png stop_sign 359 132 351 123 368 141
00116.png traffic_light 986 75 957 20 1015 131
00116.png car 873 212 824 185 921 240
00116.png truck 696 182 663 151 728 214
00116.png traffic_light 431 42 409 1 453 83
00116.png car 734 212 701 189 767 235
00116.png traffic_light 387 32 369 7 406 57
00116.png stop_sign 151 123 144 112 158 134
00093.png car 985 268 823 172 1147 364
00093.png truck 823 171 755 121 892 221
00093.png traffic_light 983 76 956 20 1011 132
00093.png traffic_light 429 42 405 0 454 84
00093.png car 714 205 680 182 748 229
00093.png traffic_light 381 32 367 8 396 55
00093.png car 664 197 648 186 680 208
00093.png stop_sign 151 123 143 112 158 134
00093.png stop_sign 354 133 348 127 360 139
00037.png car 1179 336 1118 299 1241 372
00037.png traffic_light 985 75 955 17 1016 132
00037.png traffic_light 431 41 410 1 453 82
00037.png traffic_light 389 32 370 7 407 56
00037.png car 703 188 686 177 720 198
00037.png stop_sign 151 123 143 111 158 134
00009.png traffic_light 984 77 955 23 1012 132
00009.png car 1128 203 1066 182 1190 223
00009.png traffic_light 430 42 407 0 454 84
00009.png traffic_light 385 32 369 6 400 58
00009.png stop_sign 354 133 347 127 360 139
00269.png truck 114 182 2 130 226 233
00108.png car 1044 239 933 194 1155 284
00108.png car 821 240 757 200 884 280
00108.png traffic_light 985 76 955 18 1015 133
00108.png truck 726 195 688 160 764 230
00108.png car 726 205 688 178 764 232
00108.png traffic_light 430 42 407 0 454 83
00108.png truck 727 172 691 145 763 198
00108.png car 866 198 837 185 895 211
00108.png traffic_light 383 32 368 8 397 56
00108.png car 659 191 644 180 674 202
00108.png stop_sign 152 123 145 112 159 135
00010.png traffic_light 983 77 956 22 1011 132
00010.png car 1097 202 1042 181 1151 223
00010.png traffic_light 431 42 407 0 454 84
00010.png traffic_light 386 32 368 6 405 58
00010.png stop_sign 151 123 143 112 158 134
00010.png stop_sign 353 133 347 127 360 139
00077.png truck 1085 148 934 5 1235 290
00077.png car 976 272 815 186 1138 359
00077.png traffic_light 429 42 405 1 452 83
00077.png car 726 215 689 189 762 241
00077.png car 787 201 758 183 816 219
00077.png traffic_light 382 31 367 8 398 54
00077.png car 658 192 646 181 670 202
00077.png stop_sign 151 124 143 112 158 135
00077.png stop_sign 354 133 347 126 360 140
00083.png truck 992 166 849 66 1135 266
00083.png car 811 233 739 189 883 278
00083.png traffic_light 429 42 405 1 452 84
00083.png traffic_light 385 31 366 5 403 56
00083.png car 694 206 668 188 720 224
00083.png car 747 196 726 182 768 209
00083.png stop_sign 354 133 347 127 360 139
00201.png stop_sign 73 130 65 118 82 143
00207.png car 439 189 418 174 460 204
00207.png car 659 194 647 186 672 203
00252.png truck 251 196 188 166 314 225
00192.png traffic_light 987 82 957 25 1017 139
00192.png traffic_light 401 40 377 0 424 80
00192.png traffic_light 352 23 331 0 373 47
00192.png car 495 186 481 174 510 198
00192.png stop_sign 345 139 338 132 351 146
00150.png traffic_light 985 75 956 21 1015 130
00150.png traffic_light 430 41 409 0 452 82
00150.png truck 755 192 730 170 780 214
00150.png traffic_light 386 31 368 5 404 56
00150.png car 845 197 814 183 875 210
00150.png car 688 189 676 181 701 196
00150.png stop_sign 151 123 143 111 158 134
00174.png traffic_light 986 76 956 21 1015 130
00174.png traffic_light 431 41 409 0 452 82
00174.png traffic_light 388 32 369 7 408 58
00174.png car 777 194 753 182 800 205
00174.png truck 680 184 668 173 692 196
00048.png car 1088 246 985 198 1192 293
00048.png car 842 242 776 200 908 284
00048.png traffic_light 985 76 955 20 1014 132
00048.png traffic_light 432 43 410 1 454 85
00048.png traffic_light 388 32 369 6 407 58
00048.png stop_sign 354 133 347 127 360 139
00075.png car 1049 283 858 195 1241 370
00075.png traffic_light 984 77 956 23 1011 132
00075.png car 741 221 700 192 782 250
00075.png traffic_light 429 42 405 0 453 83
00075.png car 805 204 773 184 837 223
00075.png traffic_light 381 31 366 7 396 55
00075.png car 662 193 650 182 674 203
00075.png stop_sign 353 133 347 126 360 139
00088.png car 1109 280 984 187 1235 373
00088.png truck 884 171 789 102 980 241
00088.png traffic_light 985 75 956 21 1013 128
00088.png car 752 216 705 185 798 247
00088.png traffic_light 429 42 406 0 453 84
00088.png car 1014 203 981 188 1046 217
00088.png traffic_light 385 31 366 5 403 57
00088.png car 675 201 656 186 695 215
00088.png car 716 195 706 186 726 203
00088.png stop_sign 354 133 347 127 360 139
00238.png car 1180 178 1119 138 1241 218
00238.png traffic_light 107 112 94 90 121 133
00238.png traffic_light 74 108 60 93 88 123
00187.png traffic_light 986 78 957 21 1016 136
00187.png traffic_light 422 41 399 0 445 82
00187.png traffic_light 380 32 356 3 404 62
00187.png stop_sign 146 126 139 115 154 137
00099.png car 1101 302 966 237 1237 368
00099.png truck 818 220 740 165 897 274
00099.png car 816 227 744 174 888 279
00099.png truck 774 174 720 134 828 214
00099.png traffic_light 985 75 956 20 1015 131
00099.png traffic_light 430 42 406 0 454 83
00099.png car 915 199 886 185 944 213
00099.png traffic_light 382 31 367 7 398 56
00099.png car 688 199 665 182 710 216
00099.png car 651 193 639 183 664 203
00099.png stop_sign 151 123 143 112 158 134
00070.png truck 1173 219 1108 117 1239 321
00070.png car 795 241 734 201 856 281
00070.png traffic_light 985 75 955 18 1014 133
00070.png car 870 212 829 187 912 238
00070.png traffic_light 429 42 405 1 452 83
00070.png traffic_light 383 31 367 6 400 56
00070.png car 762 199 739 183 785 215
00070.png car 675 196 658 184 691 208
00070.png stop_sign 150 123 143 112 158 135
00070.png stop_sign 354 133 347 126 360 140
00268.png truck 114 180 0 131 229 229
00188.png traffic_light 986 81 957 25 1016 137
00188.png traffic_light 419 41 398 0 441 82
00188.png car 724 196 708 186 740 205
00188.png car 504 184 491 173 518 196
00188.png stop_sign 145 127 137 116 152 138
00110.png car 982 230 896 192 1067 268
00110.png car 791 230 738 195 843 265
00110.png traffic_light 986 76 956 21 1015 131
00110.png truck 716 196 682 166 750 227
00110.png traffic_light 430 41 407 0 453 83
00110.png truck 719 170 686 147 753 193
00110.png traffic_light 385 32 367 6 403 58
00110.png car 859 197 828 184 890 210
00110.png car 654 191 640 180 668 201
00110.png stop_sign 152 123 145 112 159 135
00102.png car 1000 290 852 215 1149 366
00102.png truck 775 208 715 159 834 257
00102.png car 777 218 723 176 832 259
00102.png car 1195 281 1150 236 1239 326
00102.png truck 753 175 705 139 800 211
00102.png traffic_light 985 75 955 20 1015 131
00102.png traffic_light 430 42 406 0 453 83
00102.png car 893 198 861 185 925 211
00102.png traffic_light 384 31 368 6 401 56
00102.png car 674 194 654 179 695 210
00102.png stop_sign 151 123 143 112 158 134
00092.png car 1036 271 848 178 1224 365
00092.png truck 833 173 758 119 908 227
00092.png traffic_light 984 77 956 22 1012 132
00092.png traffic_light 429 42 405 1 454 84
00092.png car 720 208 685 183 755 232
00092.png traffic_light 382 32 367 8 396 55
00092.png car 665 197 648 184 682 209
00092.png stop_sign 151 123 143 112 158 134
00092.png stop_sign 354 133 348 127 360 139
00202.png car 671 202 660 194 682 209
00202.png stop_sign 303 141 296 134 310 149
00145.png traffic_light 985 76 956 20 1015 131
00145.png traffic_light 431 41 408 0 453 82
00145.png truck 788 195 756 169 821 221
00145.png traffic_light 385 31 368 6 401 55
00145.png car 848 196 822 183 875 210
00145.png car 700 189 687 179 713 200
00145.png stop_sign 150 123 143 111 158 134
00231.png truck 844 177 801 144 887 209
00231.png stop_sign 681 111 672 101 690 120
00014.png traffic_light 983 76 956 21 1011 132
00014.png car 985 197 934 176 1036 217
00014.png traffic_light 430 42 409 1 452 83
00014.png traffic_light 387 31 368 6 405 56
00014.png stop_sign 354 133 347 127 360 139
00059.png car 1099 312 961 250 1236 374
00059.png car 1122 238 1006 196 1238 281
00059.png traffic_light 985 75 955 18 1015 132
00059.png car 860 211 820 186 900 235
00059.png traffic_light 431 42 407 0 454 83
00059.png car 724 210 695 189 752 231
00059.png traffic_light 385 32 367 6 404 58
00059.png stop_sign 150 123 142 112 158 135
00049.png car 1055 241 964 195 1145 286
00049.png car 823 238 763 198 883 277
00049.png traffic_light 984 76 955 19 1014 133
00049.png traffic_light 431 41 410 0 453 82
00049.png traffic_light 388 32 369 6 407 58
00049.png stop_sign 354 133 347 127 360 139
00115.png traffic_light 986 75 957 19 1015 131
00115.png car 887 215 835 187 939 243
00115.png car 742 213 706 187 777 238
00115.png traffic_light 431 42 409 1 452 83
00115.png truck 696 190 667 165 725 216
00115.png truck 703 170 675 149 732 190
00115.png traffic_light 387 32 369 7 405 57
00115.png car 841 195 819 183 864 207
00115.png stop_sign 151 123 144 112 158 134
00242.png truck 33 190 0 162 66 217
00242.png traffic_light 167 106 154 82 179 129
00262.png truck 200 189 108 151 293 228
00256.png truck 262 192 194 160 330 224
00256.png traffic_light 297 88 281 68 312 107
00175.png traffic_light 986 75 956 17 1015 132
00175.png traffic_light 432 43 410 1 454 85
00175.png traffic_light 388 32 369 6 408 58
00175.png car 773 194 749 183 796 205
00175.png truck 679 184 668 173 690 195
00175.png stop_sign 354 133 347 126 361 140
00158.png traffic_light 986 75 956 20 1015 131
00158.png traffic_light 431 41 409 0 452 82
00158.png traffic_light 383 31 367 7 399 55
00158.png car 832 196 804 183 860 209
00158.png truck 722 188 704 171 739 205
00158.png stop_sign 151 123 143 111 158 134
00144.png traffic_light 985 75 955 17 1015 132
00144.png truck 797 196 764 169 830 224
00144.png traffic_light 431 41 409 0 453 82
00144.png traffic_light 385 31 368 6 401 55
00144.png car 852 197 830 184 875 209
00144.png car 702 190 688 180 717 200
00025.png traffic_light 985 75 956 20 1015 131
00025.png traffic_light 431 42 410 1 453 82
00025.png traffic_light 388 32 369 7 407 56
00025.png car 794 193 765 179 824 207
00025.png stop_sign 354 133 347 126 360 139
00066.png car 874 264 777 206 971 323
00066.png car 942 221 883 189 1002 253
00066.png traffic_light 984 77 955 23 1014 132
00066.png traffic_light 431 42 406 0 457 85
00066.png traffic_light 385 31 366 5 403 57
00066.png car 794 201 766 184 821 219
00066.png car 689 200 669 186 708 214
00142.png traffic_light 986 75 956 20 1015 131
00142.png truck 815 199 778 168 852 230
00142.png traffic_light 430 41 409 0 452 83
00142.png traffic_light 385 31 368 6 402 56
00142.png car 863 197 851 184 874 210
00142.png car 708 192 692 183 723 201
00142.png stop_sign 151 123 143 112 158 134
00190.png traffic_light 987 81 958 22 1016 141
00190.png traffic_light 413 41 386 0 439 83
00190.png traffic_light 361 29 344 5 378 54
00190.png car 717 199 702 190 731 207
00190.png stop_sign 141 128 134 116 148 139
00190.png stop_sign 349 139 342 133 355 146
00118.png traffic_light 986 75 957 20 1015 131
00118.png car 843 210 800 185 887 234
00118.png traffic_light 431 41 409 0 453 83
00118.png car 720 208 691 186 750 230
00118.png truck 684 190 659 167 710 212
00118.png truck 694 171 667 153 721 190
00118.png traffic_light 388 32 369 6 406 57
00118.png car 682 195 659 177 705 213
00118.png stop_sign 151 123 144 112 159 134
00208.png car 658 194 647 187 670 202
00129.png truck 1086 226 957 151 1216 300
00129.png traffic_light 985 76 956 20 1015 132
00129.png traffic_light 430 41 409 0 451 82
00129.png truck 668 179 644 157 691 201
00129.png traffic_light 388 32 369 7 406 57
00129.png car 846 197 816 184 875 209
00129.png car 759 197 735 181 782 212
00129.png car 678 197 660 185 696 209
00129.png car 654 189 641 176 667 201
00129.png stop_sign 152 124 144 112 159 135
00012.png traffic_light 985 76 956 20 1014 131
00012.png car 1035 200 982 181 1088 219
00012.png traffic_light 431 42 408 0 454 83
00012.png traffic_light 386 32 368 7 404 57
00012.png stop_sign 354 133 347 126 361 139
00041.png car 1073 295 905 218 1241 372
00041.png traffic_light 986 76 956 20 1015 131
00041.png traffic_light 431 41 410 0 452 82
00041.png traffic_light 388 32 370 7 407 56
00041.png car 688 187 673 177 702 196
00165.png traffic_light 985 76 956 21 1015 131
00165.png traffic_light 431 41 410 1 453 82
00165.png traffic_light 383 31 369 8 398 54
00165.png car 813 195 786 183 841 207
00165.png truck 701 186 686 172 715 200
00165.png stop_sign 151 123 143 112 158 134
00053.png car 954 224 893 190 1014 258
00053.png traffic_light 985 75 955 18 1015 133
00053.png car 772 222 730 192 814 252
00053.png traffic_light 430 41 409 0 452 83
00053.png traffic_light 386 32 368 6 405 58
00053.png stop_sign 354 133 347 126 361 140
00227.png truck 707 182 671 155 744 210
00227.png stop_sign 279 114 267 99 290 128
00128.png truck 1113 234 987 151 1240 318
00128.png traffic_light 986 76 957 20 1015 131
00128.png traffic_light 430 41 409 0 451 82
00128.png truck 669 180 642 156 695 203
00128.png car 846 196 816 183 876 209
00128.png car 764 198 739 182 789 213
00128.png traffic_light 384 31 369 8 398 54
00128.png car 680 198 662 185 698 211
00128.png car 656 190 642 176 670 204
00128.png stop_sign 151 123 144 112 158 134
00264.png truck 168 193 68 151 268 235
00221.png truck 555 184 524 160 586 207
00221.png stop_sign 402 129 395 120 410 137
00002.png car 293 248 161 196 425 301
00002.png traffic_light 985 76 956 20 1014 132
00002.png traffic_light 430 42 407 0 453 83
00002.png traffic_light 382 31 366 7 398 55
00263.png truck 186 192 86 150 285 233
00135.png truck 908 208 841 163 974 253
00135.png traffic_light 986 75 955 17 1016 133
00135.png traffic_light 430 41 409 0 451 82
00135.png truck 658 181 636 159 681 202
00135.png traffic_light 386 31 368 5 404 57
00135.png car 731 194 712 182 750 206
00135.png car 834 196 815 184 853 208
00135.png stop_sign 151 123 143 111 159 135
00024.png traffic_light 985 75 956 20 1015 131
00024.png traffic_light 432 42 410 1 454 82
00024.png traffic_light 389 31 369 6 409 57
00024.png stop_sign 151 123 143 111 158 134
00111.png car 958 226 882 190 1033 262
00111.png traffic_light 986 75 956 18 1016 133
00111.png car 778 225 731 193 825 258
00111.png traffic_light 431 42 408 0 454 83
00111.png truck 711 198 677 170 745 225
00111.png truck 715 172 682 146 749 198
00111.png traffic_light 384 31 368 7 399 55
00111.png car 856 197 826 185 886 209
00111.png car 652 189 639 179 666 200
00111.png stop_sign 152 123 144 112 159 134
00111.png stop_sign 355 133 348 126 361 139
00044.png car 939 270 831 207 1046 333
00044.png car 1176 268 1112 212 1241 324
00044.png traffic_light 986 76 956 20 1015 131
00044.png traffic_light 431 41 410 1 453 82
00044.png traffic_light 388 31 369 6 408 56
00044.png car 681 186 669 178 694 195
00044.png stop_sign 150 123 143 112 158 134
00234.png truck 966 172 914 134 1019 210
00234.png traffic_light 17 98 0 59 35 138
00234.png traffic_light 20 122 8 103 33 141
00073.png truck 1117 137 995 16 1238 257
00073.png car 1085 290 929 206 1241 374
00073.png car 760 226 713 191 806 260
00073.png traffic_light 984 77 955 23 1012 132
00073.png traffic_light 429 42 405 0 452 83
00073.png traffic_light 383 31 366 6 399 57
00073.png car 667 193 653 182 681 205
00073.png stop_sign 150 123 142 112 157 135
00080.png truck 1055 162 879 35 1231 288
00080.png car 872 251 770 192 975 311
00080.png traffic_light 429 42 405 1 453 84
00080.png car 707 211 678 190 736 231
00080.png traffic_light 384 31 367 6 400 57
00080.png car 766 198 741 183 792 213
00080.png stop_sign 151 124 143 112 159 135
00080.png car 652 191 642 183 663 200
00080.png stop_sign 354 133 347 126 360 140
00091.png car 1055 272 872 175 1237 369
00091.png truck 845 173 765 116 925 230
00091.png traffic_light 983 76 955 20 1011 132
00091.png traffic_light 429 42 405 0 453 84
00091.png car 728 209 692 183 764 234
00091.png traffic_light 381 32 367 8 396 55
00091.png car 668 198 650 185 685 211
00091.png stop_sign 151 123 143 112 158 134
00091.png person 762 195 757 179 766 210
00020.png traffic_light 985 76 955 20 1014 132
00020.png traffic_light 431 42 409 0 452 83
00020.png truck 861 195 824 178 898 211
00020.png traffic_light 387 31 369 7 406 56
00020.png stop_sign 354 133 347 127 360 139
00205.png car 662 197 650 189 673 205
00205.png stop_sign 287 138 281 131 294 145
00241.png traffic_light 156 105 143 82 169 128
00132.png truck 979 217 891 159 1068 275
00132.png traffic_light 985 76 957 22 1013 131
00132.png traffic_light 431 41 409 0 452 82
00132.png traffic_light 387 31 369 7 406 56
00132.png car 845 197 817 184 874 209
00132.png truck 665 175 645 159 684 191
00132.png car 743 196 722 182 764 209
00132.png car 670 194 655 182 685 206
00132.png car 650 188 638 176 662 200
00132.png stop_sign 152 124 145 112 159 135
00078.png truck 1074 158 916 8 1232 307
00078.png car 939 268 802 191 1076 344
00078.png traffic_light 429 42 406 0 453 83
00078.png car 720 214 685 191 755 238
00078.png car 779 201 750 184 808 217
00078.png traffic_light 382 31 366 6 399 56
00078.png car 656 191 645 182 667 201
00078.png stop_sign 353 133 347 126 360 140
00154.png traffic_light 986 75 957 19 1015 131
00154.png traffic_light 430 41 409 0 452 82
00154.png traffic_light 384 31 368 6 400 55
00154.png truck 736 189 716 170 756 208
00154.png car 841 196 812 183 869 209
00154.png stop_sign 151 123 143 111 158 134
00223.png truck 600 182 568 157 633 206
00223.png person 184 191 174 168 195 213
00223.png stop_sign 172 116 160 103 184 130
00223.png stop_sign 452 124 444 116 459 132
00149.png traffic_light 985 76 955 20 1015 131
00149.png traffic_light 431 41 409 0 453 82
00149.png truck 762 191 736 169 787 213
00149.png traffic_light 383 31 368 6 399 55
00149.png car 844 196 816 183 873 209
00149.png car 691 190 679 182 702 197
00149.png stop_sign 151 123 144 111 158 134
00027.png traffic_light 985 75 956 20 1015 131
00027.png traffic_light 431 42 410 1 453 82
00027.png traffic_light 389 32 370 7 408 56
00027.png car 770 191 741 178 800 205
00027.png stop_sign 150 123 143 111 157 134
00003.png car 216 256 64 195 369 317
00003.png traffic_light 985 76 956 20 1014 132
00003.png traffic_light 430 42 407 0 453 83
00003.png traffic_light 386 31 368 5 403 56
00239.png car 1216 178 1192 137 1239 219
00239.png traffic_light 124 109 110 87 139 130
00239.png traffic_light 92 103 79 89 105 117
00126.png truck 1144 244 1048 151 1241 336
00126.png traffic_light 984 77 956 22 1012 132
00126.png traffic_light 431 41 409 0 452 82
00126.png car 777 200 750 183 805 217
00126.png traffic_light 387 31 369 7 405 56
00126.png truck 678 178 656 158 700 198
00126.png car 846 196 816 184 876 209
00126.png car 686 199 666 184 705 213
00126.png car 659 190 644 176 673 205
00126.png stop_sign 152 123 145 112 159 134
00248.png traffic_light 181 86 151 47 210 125
00248.png traffic_light 1086 69 1064 35 1107 102
00065.png car 905 277 799 211 1011 342
00065.png car 969 224 906 188 1033 259
00065.png traffic_light 985 77 955 22 1014 131
00065.png traffic_light 429 42 406 0 452 83
00065.png car 801 202 772 184 830 219
00065.png traffic_light 385 31 367 6 402 57
00065.png car 693 201 672 186 714 216
00029.png traffic_light 986 75 956 20 1015 131
00029.png traffic_light 431 41 410 1 452 82
00029.png traffic_light 390 32 370 6 410 57
00029.png car 751 190 725 177 778 203
00029.png stop_sign 151 123 145 111 158 134
00081.png truck 1045 162 868 46 1222 277
00081.png car 850 243 758 189 941 296
00081.png traffic_light 429 42 406 1 452 84
00081.png car 701 210 672 189 730 230
00081.png traffic_light 384 31 366 5 402 56
00081.png car 760 198 735 183 786 212
00081.png stop_sign 150 123 142 112 157 135
00081.png car 651 190 641 182 660 198
00081.png stop_sign 354 133 347 126 360 140
00006.png car 75 268 1 202 150 333
00006.png traffic_light 984 77 956 22 1012 132
00006.png traffic_light 430 42 407 0 454 83
00006.png car 1197 204 1155 184 1238 224
00006.png traffic_light 386 31 368 5 405 57
00006.png stop_sign 354 133 347 127 360 139
00173.png traffic_light 986 75 956 17 1016 132
00173.png traffic_light 430 41 409 0 451 82
00173.png traffic_light 383 32 368 9 398 55
00173.png car 780 194 757 183 803 206
00173.png truck 683 185 670 174 695 196
00097.png car 854 237 759 176 948 299
00097.png truck 786 172 729 128 843 215
00097.png car 1175 344 1112 315 1239 373
00097.png traffic_light 985 76 956 20 1015 131
00097.png traffic_light 429 42 406 0 453 84
00097.png car 694 200 668 182 720 218
00097.png traffic_light 382 32 367 8 397 55
00097.png car 939 200 921 186 956 214
00097.png car 655 193 642 183 668 204
00097.png stop_sign 151 123 143 112 158 134
00097.png stop_sign 354 133 348 127 360 139
00177.png traffic_light 986 75 956 20 1015 131
00177.png traffic_light 431 41 409 0 452 82
00177.png traffic_light 388 32 369 6 408 58
00177.png car 762 192 742 182 783 203
00177.png car 676 184 665 174 686 194
00177.png stop_sign 354 133 347 127 360 139
00246.png truck 130 194 71 165 189 222
00246.png traffic_light 191 94 174 61 208 127
00246.png traffic_light 951 88 933 60 969 117
00172.png traffic_light 985 76 956 20 1015 131
00172.png traffic_light 430 41 409 0 451 82
00172.png traffic_light 386 31 369 7 404 56
00172.png car 785 194 761 183 808 206
00172.png truck 685 185 673 173 697 197
00172.png stop_sign 151 123 144 112 159 135
00210.png car 660 194 650 186 671 202
00047.png car 1127 251 1014 198 1240 303
00047.png car 860 246 788 199 932 293
00047.png traffic_light 985 76 955 20 1015 131
00047.png traffic_light 431 43 410 2 453 85
00047.png traffic_light 388 32 369 6 406 57
00047.png stop_sign 354 133 347 127 360 139
00159.png traffic_light 986 76 956 20 1015 131
00159.png traffic_light 431 41 410 0 451 82
00159.png traffic_light 386 31 369 6 404 57
00159.png car 830 196 802 184 859 208
00159.png truck 718 188 701 172 734 204
00159.png stop_sign 151 123 143 111 158 134
00138.png truck 860 204 809 166 911 241
00138.png traffic_light 986 76 956 20 1015 131
00138.png traffic_light 430 41 408 0 452 82
00138.png traffic_light 383 31 368 9 398 54
00138.png truck 659 178 642 160 675 196
00138.png car 720 192 703 181 738 204
00138.png stop_sign 151 123 143 112 158 134
00067.png car 847 257 762 203 933 310
00067.png traffic_light 983 77 952 22 1014 133
00067.png car 920 218 867 189 974 247
00067.png traffic_light 429 42 405 0 452 83
00067.png traffic_light 383 31 366 6 399 57
00067.png car 783 200 758 184 809 215
00067.png car 685 199 667 185 703 213
00167.png traffic_light 986 76 956 21 1015 131
00167.png traffic_light 431 41 409 0 452 82
00167.png traffic_light 383 31 368 9 399 53
00167.png car 804 195 778 183 830 207
00167.png truck 696 186 681 173 710 200
00167.png stop_sign 151 123 144 112 159 135
00257.png truck 258 193 181 162 335 224
00257.png traffic_light 266 78 250 57 281 98
00103.png car 950 282 828 213 1072 352
00103.png car 1167 267 1094 208 1241 326
00103.png car 765 215 712 176 818 255
00103.png traffic_light 985 75 956 20 1015 131
00103.png truck 749 173 702 141 796 206
00103.png traffic_light 430 42 407 0 454 83
00103.png traffic_light 383 31 367 7 399 56
00103.png car 887 198 855 186 919 210
00103.png car 671 194 652 179 691 208
00103.png stop_sign 151 123 144 112 158 134
00040.png car 1090 298 939 224 1241 373
00040.png traffic_light 985 76 956 21 1015 131
00040.png traffic_light 431 41 410 1 452 82
00040.png traffic_light 389 31 370 7 409 56
00040.png car 692 187 676 178 707 197
00040.png stop_sign 151 123 143 111 158 134
00184.png traffic_light 986 76 956 20 1016 131
00184.png traffic_light 426 42 401 0 452 84
00184.png traffic_light 383 32 362 4 403 60
00184.png car 737 192 720 181 755 203
00160.png traffic_light 986 75 955 17 1016 132
00160.png traffic_light 431 41 410 0 452 82
00160.png car 829 195 801 182 858 208
00160.png traffic_light 383 31 369 8 398 54
00160.png truck 714 187 697 171 731 204
00160.png stop_sign 151 123 143 111 158 134
00244.png truck 74 195 12 165 136 224
00244.png traffic_light 186 104 171 77 202 132
00244.png traffic_light 853 105 842 82 864 128
00218.png truck 500 188 471 166 529 210
00218.png stop_sign 54 123 42 109 66 138
00218.png traffic_light 1168 133 1159 118 1178 148
00218.png stop_sign 343 133 334 124 351 142
00243.png truck 52 192 0 163 104 221
00243.png traffic_light 180 104 167 79 193 130
00243.png traffic_light 810 110 800 86 820 133
00147.png traffic_light 985 76 956 21 1015 131
00147.png traffic_light 431 41 409 0 452 82
00147.png truck 773 193 745 169 801 217
00147.png car 845 197 816 183 874 210
00147.png traffic_light 383 31 368 8 398 54
00147.png car 694 190 681 182 708 198
00147.png stop_sign 151 123 144 112 158 134
00085.png truck 945 171 825 89 1065 252
00085.png car 785 224 726 185 843 262
00085.png traffic_light 429 42 406 1 452 84
00085.png car 685 203 663 187 707 220
00085.png traffic_light 382 32 367 8 396 55
00085.png car 735 194 717 180 754 207
00085.png car 1075 203 1060 189 1091 217
00085.png stop_sign 354 133 347 127 360 139
00106.png car 1112 251 987 195 1237 306
00106.png car 859 250 779 199 939 301
00106.png traffic_light 986 75 955 18 1016 133
00106.png truck 739 199 697 161 781 238
00106.png car 741 209 699 178 783 241
00106.png truck 734 173 694 144 774 201
00106.png traffic_light 431 42 407 0 455 83
00106.png traffic_light 382 32 368 8 397 56
00106.png car 873 194 842 185 903 204
00106.png car 663 192 646 179 680 205
00106.png stop_sign 151 123 144 112 158 135
00191.png traffic_light 987 81 957 23 1017 139
00191.png traffic_light 407 40 384 0 430 80
00191.png traffic_light 363 33 338 1 387 66
00191.png car 713 197 698 188 727 206
00191.png stop_sign 138 128 131 117 145 139
00191.png sports_ball 972 35 966 31 978 39
00112.png car 937 222 868 188 1005 257
00112.png traffic_light 986 76 956 20 1015 132
00112.png car 768 222 724 192 813 252
00112.png traffic_light 430 41 408 0 452 83
00112.png truck 708 200 673 176 742 224
00112.png truck 713 168 680 148 745 189
00112.png traffic_light 383 31 368 7 399 56
00112.png car 854 197 823 184 884 209
00112.png car 650 189 637 179 663 199
00112.png stop_sign 152 123 145 112 159 134
00023.png traffic_light 985 76 956 20 1015 132
00023.png traffic_light 431 41 410 1 453 82
00023.png traffic_light 389 32 369 6 408 57
00023.png stop_sign 354 133 347 126 360 139
00035.png traffic_light 985 75 955 17 1016 132
00035.png traffic_light 431 42 410 1 452 82
00035.png car 710 188 692 177 728 199
00035.png stop_sign 150 123 143 111 158 134
00055.png car 1190 268 1141 216 1239 320
00055.png traffic_light 985 75 955 18 1015 133
00055.png car 920 218 866 188 974 249
00055.png car 754 217 716 191 791 243
00055.png traffic_light 430 41 408 0 452 83
00055.png traffic_light 386 31 368 6 404 57
00055.png stop_sign 354 133 347 126 361 140
00143.png traffic_light 985 75 955 17 1016 132
00143.png truck 805 198 768 170 841 226
00143.png traffic_light 431 41 408 0 453 82
00143.png traffic_light 384 31 368 6 401 55
00143.png car 858 197 843 184 874 209
00143.png car 704 191 689 181 720 200
00143.png stop_sign 151 123 143 111 158 134
00161.png traffic_light 986 76 956 21 1015 130
00161.png traffic_light 431 41 410 0 452 82
00161.png traffic_light 383 31 369 8 398 54
00161.png car 826 196 799 184 854 208
00161.png truck 711 187 695 171 728 203
00161.png stop_sign 151 123 143 112 158 134
00198.png traffic_light 313 29 259 1 366 57
00198.png car 687 201 675 192 698 211
00198.png stop_sign 101 131 94 119 108 143
00209.png car 659 193 648 184 671 202
00254.png truck 259 193 195 163 324 224
00254.png traffic_light 330 106 321 89 340 123
00258.png traffic_light 233 69 218 45 247 93
00203.png stop_sign 52 126 42 114 62 138
00203.png car 667 200 655 192 678 208
00194.png traffic_light 987 82 956 24 1018 141
00194.png traffic_light 383 37 357 2 409 73
00194.png car 703 198 688 189 717 207
00194.png stop_sign 127 129 119 118 135 140
00180.png traffic_light 985 76 955 19 1015 134
00180.png traffic_light 430 42 407 0 453 84
00180.png traffic_light 383 33 368 9 398 56
00180.png stop_sign 150 124 142 113 158 135
00228.png truck 741 183 706 156 776 211
00228.png stop_sign 307 114 295 100 320 129
00017.png traffic_light 983 77 955 22 1011 133
00017.png traffic_light 431 42 408 0 453 83
00017.png car 919 197 876 181 962 213
00017.png traffic_light 388 31 369 6 407 57
00017.png stop_sign 151 123 143 113 158 134
00017.png stop_sign 354 133 347 127 360 139
00247.png truck 163 194 95 164 231 224
00247.png traffic_light 189 89 168 54 210 124
00247.png traffic_light 1011 80 992 50 1030 109
00170.png traffic_light 984 77 956 22 1012 132
00170.png traffic_light 431 41 409 0 452 82
00170.png traffic_light 388 31 369 6 406 56
00170.png car 793 194 769 182 816 206
00170.png truck 689 185 676 173 702 197
00170.png stop_sign 151 123 144 112 159 135
00255.png truck 261 192 198 162 325 222
00255.png traffic_light 318 96 309 80 327 112
00197.png traffic_light 346 31 315 0 377 62
00197.png stop_sign 109 130 101 119 116 140
00215.png truck 461 191 433 171 489 211
00215.png stop_sign 301 137 292 129 309 146
00215.png car 693 194 683 186 702 201
00267.png truck 124 182 0 135 248 230
00061.png car 1058 298 876 222 1241 374
00061.png car 1065 221 958 195 1173 247
00061.png traffic_light 985 75 955 17 1015 133
00061.png traffic_light 430 42 406 0 454 83
00061.png car 837 208 801 186 874 230
00061.png car 712 206 687 187 737 225
00061.png traffic_light 384 31 368 6 401 56
00061.png stop_sign 353 133 347 126 360 140
00042.png car 1021 289 875 214 1167 364
00042.png traffic_light 985 76 956 20 1015 131
00042.png traffic_light 431 41 410 1 452 82
00042.png car 1223 291 1205 251 1241 331
00042.png traffic_light 390 31 370 6 409 56
00042.png car 686 187 673 179 700 196
00042.png stop_sign 354 133 347 126 360 139
00124.png car 1196 244 1152 158 1239 331
00124.png traffic_light 984 77 956 21 1012 132
00124.png traffic_light 430 41 409 0 451 82
00124.png car 790 202 759 184 821 221
00124.png traffic_light 387 31 369 7 404 56
00124.png truck 683 173 661 156 705 190
00124.png car 848 196 819 183 876 209
00124.png car 693 201 672 185 714 216
00124.png car 665 191 648 175 682 206
00124.png stop_sign 152 123 144 112 159 134
00136.png truck 891 205 831 164 951 247
00136.png traffic_light 986 75 957 20 1015 131
00136.png traffic_light 431 43 409 1 454 85
00136.png traffic_light 383 31 368 7 397 54
00136.png truck 661 178 645 160 678 196
00136.png car 727 193 709 182 745 205
00136.png car 828 196 816 186 839 206
00136.png stop_sign 151 123 143 112 158 134
00058.png car 1122 323 1006 272 1237 374
00058.png car 1140 248 1040 200 1240 296
00058.png traffic_light 983 77 955 22 1012 132
00058.png car 874 212 832 185 915 238
00058.png traffic_light 431 42 407 0 454 83
00058.png car 730 211 699 189 761 233
00058.png traffic_light 386 32 367 6 405 59
00058.png stop_sign 150 123 142 112 158 135
00212.png truck 438 187 412 167 464 206
00212.png traffic_light 1170 137 1161 124 1178 151
00212.png car 670 193 660 186 680 201
00212.png stop_sign 279 134 272 126 287 142
00018.png traffic_light 985 75 955 17 1015 133
00018.png traffic_light 432 44 409 2 455 86
00018.png car 891 196 854 180 929 211
00018.png traffic_light 388 31 368 6 408 57
00018.png stop_sign 151 123 144 112 158 135
00018.png stop_sign 354 133 347 127 360 139
00196.png traffic_light 349 34 295 0 403 69
00196.png car 694 199 681 190 707 208
00196.png stop_sign 115 131 108 119 123 142
00196.png stop_sign 333 141 326 135 339 148
00013.png traffic_light 984 77 956 22 1011 132
00013.png car 1008 199 954 180 1062 218
00013.png traffic_light 430 42 408 1 453 83
00013.png traffic_light 387 31 369 6 405 56
00013.png stop_sign 151 123 144 112 158 135
00013.png stop_sign 353 133 347 126 360 139
00016.png traffic_light 984 78 956 22 1013 133
00016.png traffic_light 431 42 409 0 453 83
00016.png car 940 197 897 179 983 214
00016.png traffic_light 387 31 368 6 405 56
00016.png stop_sign 354 133 347 127 360 139
00094.png car 936 260 798 173 1074 347
00094.png truck 810 173 745 125 875 220
00094.png traffic_light 985 76 956 20 1014 131
00094.png traffic_light 429 42 406 0 453 84
00094.png car 708 204 677 182 739 226
00094.png traffic_light 382 32 367 9 396 55
00094.png car 661 196 646 185 677 207
00094.png stop_sign 151 123 143 112 158 134
00232.png truck 880 175 835 142 925 209
00232.png car 876 178 831 148 920 209
00222.png person 155 194 143 167 167 221
00222.png stop_sign 425 127 417 119 433 136
00134.png truck 927 211 855 163 999 258
00134.png traffic_light 986 75 956 18 1016 133
00134.png traffic_light 430 43 409 1 451 85
00134.png truck 662 177 642 159 681 194
00134.png traffic_light 383 31 368 9 398 54
00134.png car 841 196 816 183 867 208
00134.png car 735 194 714 180 756 207
00134.png car 667 194 652 184 681 205
00134.png car 648 187 636 176 659 198
00134.png stop_sign 151 123 143 112 158 135
00249.png car 206 201 143 172 270 231
00249.png traffic_light 162 76 132 35 192 117
00249.png traffic_light 1170 60 1145 20 1195 100
00050.png car 1025 235 944 194 1106 276
00050.png car 809 233 754 196 863 269
00050.png traffic_light 985 75 955 17 1015 133
00050.png traffic_light 431 41 409 0 452 82
00050.png traffic_light 387 32 369 6 406 57
00050.png stop_sign 354 133 347 126 360 139
00021.png traffic_light 985 76 956 20 1015 131
00021.png traffic_light 431 41 409 1 452 82
00021.png car 844 194 806 179 883 209
00021.png traffic_light 388 32 369 6 408 57
00021.png stop_sign 151 123 143 111 158 134
00200.png traffic_light 275 18 233 0 316 36
00200.png stop_sign 85 131 77 119 92 143
00151.png traffic_light 986 75 957 20 1015 130
00151.png traffic_light 430 41 408 0 452 82
00151.png truck 750 191 728 170 773 212
00151.png traffic_light 385 31 368 6 402 57
00151.png car 843 197 814 184 872 210
00151.png car 685 188 674 181 696 196
00064.png car 937 287 814 215 1061 358
00064.png car 990 227 918 191 1062 263
00064.png traffic_light 984 77 955 22 1014 132
00064.png traffic_light 429 42 406 0 452 83
00064.png car 809 203 779 183 840 223
00064.png traffic_light 383 32 367 6 400 57
00064.png car 699 202 676 187 721 218
00260.png truck 229 191 146 156 311 225
00260.png traffic_light 118 42 98 5 139 80
00260.png traffic_light 386 62 375 31 397 93
00220.png stop_sign 379 130 371 122 388 138
00220.png car 779 186 771 178 788 194
00164.png traffic_light 985 75 955 17 1016 133
00164.png traffic_light 431 41 409 0 452 82
00164.png traffic_light 383 31 369 8 398 54
00164.png car 816 195 789 184 844 207
00164.png car 702 187 686 172 718 202
00164.png stop_sign 151 123 143 112 158 134
00181.png traffic_light 985 77 955 21 1015 132
00181.png traffic_light 430 42 406 0 453 84
00181.png traffic_light 382 31 367 9 398 54
00181.png stop_sign 150 124 142 113 158 135
00189.png traffic_light 987 82 958 27 1016 137
00189.png traffic_light 416 41 393 0 438 83
00189.png traffic_light 367 31 351 6 383 56
00189.png car 502 185 489 174 516 197
00189.png car 720 197 705 188 734 206
00189.png stop_sign 144 128 136 117 151 139
00123.png traffic_light 984 77 956 21 1012 132
00123.png traffic_light 430 41 409 0 451 82
00123.png car 1227 295 1214 245 1240 344
00123.png car 798 203 763 184 832 222
00123.png traffic_light 387 31 369 7 405 56
00123.png car 697 201 674 185 721 218
00123.png car 851 197 826 183 876 210
00123.png car 667 192 649 176 685 208
00123.png stop_sign 152 123 144 112 159 134
00060.png car 1077 305 913 237 1241 374
00060.png car 1104 230 980 195 1228 265
00060.png traffic_light 984 77 956 23 1012 132
00060.png traffic_light 430 42 407 0 453 83
00060.png car 847 208 810 184 884 232
00060.png car 717 208 691 187 744 228
00060.png traffic_light 385 31 368 6 402 57
00060.png stop_sign 150 123 142 112 158 135
00141.png traffic_light 986 75 956 20 1015 131
00141.png truck 824 199 783 167 865 231
00141.png traffic_light 431 41 409 0 453 82
00141.png traffic_light 386 31 368 6 404 56
00141.png car 711 191 696 181 726 201
00141.png car 655 191 644 183 666 199
00141.png stop_sign 151 123 143 112 158 134
00141.png car 868 198 863 187 873 209
00261.png truck 215 188 128 151 302 225
00261.png traffic_light 369 52 357 19 381 85
00121.png traffic_light 985 76 955 21 1015 131
00121.png traffic_light 430 41 409 0 451 82
00121.png car 814 206 776 184 852 228
00121.png traffic_light 388 32 369 7 406 58
00121.png car 705 204 680 187 730 222
00121.png car 671 193 652 177 690 209
00121.png car 856 197 838 184 875 210
00121.png stop_sign 152 123 144 112 159 134
00076.png truck 1080 158 925 15 1235 301
00076.png car 1029 280 837 195 1221 365
00076.png car 733 217 695 190 772 245
00076.png traffic_light 428 42 405 0 451 84
00076.png car 796 202 766 184 826 221
00076.png traffic_light 382 31 366 7 398 56
00076.png car 660 192 648 182 673 203
00076.png stop_sign 354 133 347 126 360 140
00193.png traffic_light 987 82 956 24 1018 140
00193.png traffic_light 392 39 368 1 417 76
00193.png traffic_light 345 22 323 0 366 44
00193.png car 492 186 476 174 508 199
00193.png car 706 198 692 189 721 206
00193.png stop_sign 130 128 123 117 138 140
00153.png traffic_light 986 75 956 20 1015 130
00153.png traffic_light 430 41 408 0 452 82
00153.png traffic_light 385 31 368 6 403 57
00153.png truck 741 190 720 170 762 209
00153.png car 842 196 813 183 871 209
00153.png stop_sign 151 123 143 111 158 134
00084.png truck 966 170 838 81 1093 259
00084.png car 797 228 731 187 862 269
00084.png traffic_light 429 42 406 0 453 84
00084.png car 689 204 665 187 712 221
00084.png traffic_light 382 32 367 8 396 56
00084.png car 740 195 721 182 759 208
00084.png stop_sign 354 133 347 127 360 139
00071.png truck 1150 206 1064 124 1237 289
00071.png car 1137 307 1033 241 1241 374
00071.png car 782 235 727 197 837 272
00071.png traffic_light 985 75 955 18 1014 133
00071.png car 853 210 812 186 894 233
00071.png traffic_light 429 42 405 1 452 83
00071.png traffic_light 383 31 366 6 399 57
00071.png car 755 198 734 184 775 212
00071.png car 672 196 657 184 688 207
00071.png person 747 197 736 182 759 213
00071.png stop_sign 354 133 347 126 360 140
00030.png traffic_light 986 75 956 20 1015 131
00030.png traffic_light 431 41 409 0 452 82
00030.png traffic_light 388 31 370 7 406 56
00030.png car 742 189 720 177 764 202
00030.png stop_sign 150 123 143 111 158 134
00105.png car 1130 257 1020 196 1240 317
00105.png car 885 257 794 202 976 313
00105.png truck 747 201 701 159 794 242
00105.png traffic_light 985 76 956 21 1015 131
00105.png car 749 211 704 175 794 246
00105.png truck 739 172 698 143 780 200
00105.png traffic_light 431 42 407 0 455 83
00105.png traffic_light 383 32 368 8 397 56
00105.png car 878 194 846 184 909 204
00105.png car 666 192 649 180 683 205
00105.png stop_sign 151 123 144 112 158 134
00185.png traffic_light 425 41 401 0 449 83
00185.png traffic_light 380 32 360 5 399 59
00185.png car 734 193 717 183 751 203
00130.png truck 1043 222 930 156 1155 287
00130.png traffic_light 986 76 957 23 1014 129
00130.png traffic_light 431 41 409 0 452 82
00130.png truck 666 177 643 157 689 197
00130.png car 846 196 816 183 875 209
00130.png car 752 196 728 181 776 211
00130.png traffic_light 383 31 369 8 398 54
00130.png car 675 197 660 186 691 208
00130.png car 653 189 639 177 666 201
00130.png stop_sign 152 123 145 112 159 134
00127.png truck 1129 241 1018 150 1240 333
00127.png traffic_light 985 76 956 22 1015 131
00127.png traffic_light 431 41 410 0 453 82
00127.png truck 671 180 645 157 697 203
00127.png car 770 198 743 182 796 214
00127.png car 846 197 816 184 875 209
00127.png traffic_light 383 31 369 8 398 54
00127.png car 684 200 665 187 703 213
00127.png stop_sign 152 123 145 112 158 134
00038.png car 1144 310 1047 251 1241 369
00038.png traffic_light 985 76 956 21 1015 130
00038.png traffic_light 431 41 410 1 453 82
00038.png traffic_light 389 32 370 7 407 56
00038.png car 699 187 684 177 714 197
00038.png stop_sign 151 123 143 111 158 134
00214.png truck 452 190 425 169 479 210
00214.png car 684 194 673 186 694 202
00204.png car 663 199 652 191 675 208
00204.png stop_sign 292 139 285 132 299 146
00090.png car 1065 275 898 179 1233 372
00090.png truck 854 173 774 112 933 233
00090.png traffic_light 984 77 956 21 1011 132
00090.png car 735 211 695 184 775 238
00090.png traffic_light 429 42 405 1 454 84
00090.png car 976 202 945 188 1006 216
00090.png traffic_light 381 32 367 8 396 55
00090.png car 670 199 652 186 688 213
00090.png stop_sign 151 123 143 112 158 134
00022.png traffic_light 985 76 956 20 1015 132
00022.png traffic_light 431 41 409 0 452 82
00022.png traffic_light 389 32 369 6 408 58
00022.png stop_sign 151 123 144 112 158 135
00022.png stop_sign 354 133 347 126 361 139
00155.png traffic_light 986 75 956 20 1015 130
00155.png traffic_light 430 41 409 0 451 82
00155.png car 840 196 809 184 870 209
00155.png traffic_light 383 31 367 7 399 55
00155.png truck 732 189 712 171 751 207
00155.png stop_sign 151 123 143 111 158 134
00045.png car 906 262 814 205 998 319
00045.png car 1159 264 1082 202 1235 325
00045.png traffic_light 985 75 955 20 1015 131
00045.png traffic_light 431 41 410 1 452 82
00045.png traffic_light 389 32 369 6 408 58
00045.png car 679 186 667 178 690 194
00045.png stop_sign 354 133 347 127 360 139
00086.png truck 924 170 810 94 1038 247
00086.png car 772 221 718 184 826 258
00086.png traffic_light 429 42 405 1 453 84
00086.png traffic_light 385 31 366 5 403 57
00086.png car 1053 203 1028 188 1078 217
00086.png car 682 202 661 187 703 218
00086.png car 731 192 713 180 748 204
00086.png stop_sign 354 133 347 126 361 140
00178.png traffic_light 985 76 955 18 1015 133
00178.png traffic_light 431 42 408 0 453 83
00178.png traffic_light 387 32 369 7 406 57
00178.png car 674 185 663 175 684 195
00178.png stop_sign 150 124 142 113 158 135
00162.png traffic_light 986 75 956 20 1015 130
00162.png traffic_light 431 41 410 1 452 82
00162.png traffic_light 383 31 369 7 398 54
00162.png car 821 196 794 184 849 208
00162.png truck 709 187 694 172 725 202
00162.png stop_sign 151 123 143 111 158 134
00034.png traffic_light 986 75 956 20 1015 131
00034.png traffic_light 431 41 410 1 452 82
00034.png traffic_light 390 32 370 6 410 57
00034.png car 718 188 699 177 737 200
00034.png stop_sign 151 123 144 111 158 134
00119.png traffic_light 984 77 956 22 1012 132
00119.png car 833 208 792 185 875 231
00119.png traffic_light 432 43 409 1 454 85
00119.png car 715 206 688 186 743 227
00119.png traffic_light 388 32 369 6 407 58
00119.png truck 693 170 666 153 719 187
00119.png car 680 194 657 176 703 212
00119.png stop_sign 152 123 144 112 159 134
00026.png traffic_light 985 76 956 20 1015 131
00026.png traffic_light 432 42 410 1 454 82
00026.png traffic_light 388 31 369 7 406 56
00074.png truck 1108 119 976 6 1241 232
00074.png car 1065 289 891 205 1240 374
00074.png traffic_light 984 77 954 22 1014 132
00074.png car 749 221 705 190 792 253
00074.png traffic_light 429 42 405 1 452 83
00074.png car 818 205 782 185 854 226
00074.png traffic_light 382 31 366 7 399 56
00074.png car 664 193 651 182 677 204
00074.png car 740 187 724 181 756 194
00074.png stop_sign 151 124 143 112 158 135
00074.png stop_sign 354 133 347 126 360 140
00176.png traffic_light 986 75 956 20 1015 131
00176.png traffic_light 431 42 410 1 452 82
00176.png traffic_light 388 32 369 6 407 57
00176.png car 768 193 747 182 789 204
00176.png car 677 185 666 174 689 195
00176.png stop_sign 354 133 347 127 360 139
00137.png truck 873 204 820 165 927 243
00137.png traffic_light 986 75 957 20 1015 131
00137.png traffic_light 430 41 409 0 452 82
00137.png traffic_light 385 31 368 6 401 56
00137.png truck 660 175 644 161 676 190
00137.png car 724 192 707 180 742 204
00137.png car 661 192 648 182 674 203
00137.png stop_sign 151 123 143 112 159 134
00179.png traffic_light 984 78 954 22 1014 133
00179.png traffic_light 430 42 408 0 453 84
00179.png traffic_light 387 33 368 7 406 59
00179.png stop_sign 150 123 142 112 157 135
00122.png traffic_light 986 75 957 20 1015 131
00122.png traffic_light 430 41 409 0 451 82
00122.png truck 681 180 652 154 710 207
00122.png car 805 204 772 184 839 224
00122.png traffic_light 388 32 369 6 407 58
00122.png car 701 203 677 186 724 219
00122.png car 854 196 831 183 877 210
00122.png car 670 192 651 176 688 209
00122.png stop_sign 152 123 145 112 159 134
00211.png traffic_light 1146 140 1138 127 1154 153
00211.png car 664 194 654 187 674 201
00211.png stop_sign 276 134 268 125 285 142
00169.png traffic_light 985 76 955 21 1015 131
00169.png traffic_light 431 41 409 0 453 82
00169.png traffic_light 388 31 369 7 406 56
00169.png car 797 195 773 183 821 207
00169.png truck 691 186 678 174 704 199
00057.png car 1153 261 1067 202 1239 319
00057.png car 1161 341 1082 311 1241 370
00057.png traffic_light 983 76 955 21 1011 132
00057.png car 886 214 839 186 933 242
00057.png traffic_light 430 42 407 0 453 83
00057.png car 737 213 704 191 770 235
00057.png traffic_light 386 32 367 6 404 58
00057.png stop_sign 151 123 143 112 158 135
00113.png car 916 219 852 188 979 251
00113.png traffic_light 986 76 956 20 1015 132
00113.png car 757 220 716 191 799 248
00113.png truck 704 190 671 160 737 219
00113.png traffic_light 430 41 408 0 452 83
00113.png car 851 197 821 184 880 210
00113.png traffic_light 384 31 369 7 399 55
00113.png car 648 189 636 179 660 199
00113.png stop_sign 152 123 145 112 159 134
00043.png car 974 283 853 214 1094 352
00043.png car 1198 270 1157 219 1240 320
00043.png traffic_light 985 76 955 20 1015 131
00043.png traffic_light 431 41 410 1 453 82
00043.png traffic_light 389 31 369 6 409 56
00043.png car 683 187 669 178 697 196
00043.png stop_sign 354 133 347 127 360 139
00089.png car 1086 277 932 183 1239 372
00089.png truck 871 172 782 108 960 237
00089.png traffic_light 985 75 957 21 1014 129
00089.png car 744 213 701 184 786 242
00089.png traffic_light 429 42 405 0 453 84
00089.png car 999 202 957 187 1042 217
00089.png traffic_light 384 31 366 5 402 57
00089.png car 673 200 654 186 691 214
00089.png stop_sign 354 133 348 127 361 140
00230.png truck 807 179 767 148 847 210
00062.png car 1032 296 849 222 1215 369
00062.png car 1034 217 940 193 1129 240
00062.png traffic_light 985 75 955 17 1015 133
00062.png traffic_light 429 42 407 0 452 83
00062.png car 828 206 794 184 863 228
00062.png traffic_light 385 31 367 6 403 57
00062.png car 706 204 683 186 730 222
00062.png stop_sign 150 123 142 112 158 135
00056.png car 1164 265 1094 207 1234 322
00056.png traffic_light 983 77 955 22 1011 132
00056.png car 902 216 853 187 950 245
00056.png traffic_light 430 41 407 0 452 83
00056.png car 745 215 710 191 780 238
00056.png traffic_light 386 32 367 6 405 59
00056.png stop_sign 354 133 347 127 360 139
00183.png traffic_light 985 76 956 22 1014 130
00183.png traffic_light 427 42 402 0 453 84
00183.png traffic_light 382 31 364 4 399 57
00183.png car 741 192 723 182 760 203
00007.png traffic_light 985 75 955 17 1015 133
00007.png car 23 280 0 220 45 340
00007.png car 1181 204 1122 183 1240 225
00007.png traffic_light 430 42 407 0 453 84
00007.png traffic_light 386 31 368 5 405 57
00007.png stop_sign 354 133 347 126 360 139
00063.png car 978 296 827 218 1129 373
00063.png car 1014 218 931 191 1097 245
00063.png traffic_light 985 75 955 18 1014 131
00063.png traffic_light 429 42 406 0 452 83
00063.png car 820 204 788 182 853 226
00063.png traffic_light 383 31 367 6 399 56
00063.png car 703 203 680 187 726 220
00087.png car 1137 288 1039 212 1235 365
00087.png truck 903 171 800 98 1005 243
00087.png car 763 219 712 186 814 252
00087.png traffic_light 429 42 406 1 453 84
00087.png car 1033 203 1000 188 1066 218
00087.png traffic_light 385 31 366 5 403 57
00087.png car 679 201 659 186 698 216
00087.png car 721 194 708 185 733 204
00087.png stop_sign 354 133 347 127 360 139
00253.png truck 255 194 193 165 317 224
00098.png car 1136 309 1032 252 1241 366
00098.png car 834 231 753 175 914 288
00098.png truck 778 172 723 131 832 213
00098.png traffic_light 985 75 956 20 1015 131
00098.png traffic_light 430 42 406 0 454 84
00098.png car 690 199 666 181 715 217
00098.png car 924 200 899 185 950 214
00098.png traffic_light 382 31 368 8 396 55
00098.png car 653 193 640 183 666 203
00098.png stop_sign 151 123 144 112 159 134
00171.png traffic_light 985 76 955 22 1015 130
00171.png traffic_light 430 41 409 0 452 82
00171.png traffic_light 384 31 368 9 399 54
00171.png car 789 194 764 183 814 205
00152.png traffic_light 985 76 956 21 1015 130
00152.png traffic_light 430 41 409 0 452 82
00152.png traffic_light 386 31 368 5 405 57
00152.png truck 744 190 722 170 767 210
00152.png car 843 196 815 183 872 209
00152.png car 684 188 673 180 695 195
00152.png stop_sign 151 123 144 111 158 134
00104.png car 915 269 810 208 1020 329
00104.png car 1149 268 1058 201 1241 335
00104.png truck 753 196 703 152 803 241
00104.png traffic_light 985 75 956 20 1014 131
00104.png truck 744 174 701 142 787 205
00104.png traffic_light 430 42 407 0 453 83
00104.png car 880 197 847 185 913 210
00104.png traffic_light 382 32 368 8 397 56
00104.png car 669 193 651 179 687 207
00104.png stop_sign 151 123 143 112 158 134
00033.png traffic_light 986 75 956 20 1015 130
00033.png traffic_light 431 41 410 0 452 82
00033.png traffic_light 389 31 370 7 407 56
00033.png car 723 189 703 177 744 201
00033.png stop_sign 151 123 144 111 158 134
00004.png car 154 264 4 196 304 332
00004.png traffic_light 985 75 955 17 1015 133
00004.png traffic_light 430 42 407 0 453 83
00004.png traffic_light 382 31 366 7 398 55
00004.png stop_sign 354 133 347 126 360 140
00166.png traffic_light 985 76 956 21 1015 131
00166.png traffic_light 431 41 410 1 452 82
00166.png traffic_light 384 31 369 8 398 54
00166.png car 808 195 781 184 835 207
00166.png truck 697 186 683 172 712 200
00166.png stop_sign 151 123 143 111 158 134
